n-power=
0
dm_mass=
0.001
stepsize =
7.09626778467151e-27
fisher matrix =
[[3584147641.2863207, -1800433734.8818953, -88668523.67609839, -1.5657911380126016e+16, -94903788.1324267, -72055595.60349812, 1.4868061478965232e+33], [-1800433734.8818953, 1750787881.9506576, -29201887.856971662, 3.5953828320539868e+16, 176067015.4240997, 16563574.933011431, -1.907807032465749e+33], [-88668523.67609839, -29201887.856971655, 20247033.28831126, -3066566765812936.5, -12649776.88391743, 3649638.1059464784, 1.0731136061912995e+32], [-1.5657911380126016e+16, 3.5953828320539868e+16, -3066566765812936.5, 1.4418250451910467e+24, 5585324937608545.0, -1801522690384533.0, -4.868524798802987e+40], [-94903788.1324267, 176067015.4240997, -12649776.88391743, 5585324937608545.0, 24887173.29381523, -3686809.974521073, -2.4078859847959377e+32], [-72055595.6034981, 16563574.933011431, 3649638.1059464784, -1801522690384533.0, -3686809.974521073, 7917801.968955774, 5.618899031665705e+29], [1.4868061478965232e+33, -1.907807032465749e+33, 1.0731136061912995e+32, -4.868524798802987e+40, -2.4078859847959377e+32, 5.618899031665705e+29, 2.6795288077918293e+57]]
sigma_dmb
from cov matrix =
8.863349955951488e-29
2-sigma =
2.198110789075969e-28
2-sigma zack's method =
1.3792424526618087e-28