n-power=
0
dm_mass=
0.0001
stepsize =
2e-27
fisher matrix =
[[3584147641.2863207, -1800433734.8818953, -88668523.67609839, -1.5657911380126016e+16, -94903788.1324267, -72055595.60349812, 2.3127688147880866e+33], [-1800433734.8818953, 1750787881.9506576, -29201887.856971662, 3.5953828320539868e+16, 176067015.4240997, 16563574.933011431, -2.9678194987508443e+33], [-88668523.67609839, -29201887.856971655, 20247033.28831126, -3066566765812936.5, -12649776.88391743, 3649638.1059464784, 1.6686590494458037e+32], [-1.5657911380126016e+16, 3.5953828320539868e+16, -3066566765812936.5, 1.4418250451910467e+24, 5585324937608545.0, -1801522690384533.0, -7.55885548299453e+40], [-94903788.1324267, 176067015.4240997, -12649776.88391743, 5585324937608545.0, 24887173.29381523, -3686809.974521073, -3.749409798724988e+32], [-72055595.6034981, 16563574.933011431, 3649638.1059464784, -1801522690384533.0, -3686809.974521073, 7917801.968955774, 4.760920925263872e+29], [2.3127688147880866e+33, -2.9678194987508443e+33, 1.6686590494458037e+32, -7.55885548299453e+40, -3.749409798724988e+32, 4.760920925263872e+29, 6.554101181172302e+57]]
sigma_dmb
from cov matrix =
5.372585624762924e-29
2-sigma =
1.3324012349412052e-28
2-sigma zack's method =
8.355839875908276e-29