n-power=
0
dm_mass=
0.01
stepsize =
1.0023744672545445e-26
fisher matrix =
[[3584147641.2863207, -1800433734.8818953, -88668523.67609839, -1.5657911380126016e+16, -94903788.1324267, -72055595.60349812, 8.687652337554991e+32], [-1800433734.8818953, 1750787881.9506576, -29201887.856971662, 3.5953828320539868e+16, 176067015.4240997, 16563574.933011431, -1.1177950153994265e+33], [-88668523.67609839, -29201887.856971655, 20247033.28831126, -3066566765812936.5, -12649776.88391743, 3649638.1059464784, 6.300441636404336e+31], [-1.5657911380126016e+16, 3.5953828320539868e+16, -3066566765812936.5, 1.4418250451910467e+24, 5585324937608545.0, -1801522690384533.0, -2.8625624265197054e+40], [-94903788.1324267, 176067015.4240997, -12649776.88391743, 5585324937608545.0, 24887173.29381523, -3686809.974521073, -1.4116663685036906e+32], [-72055595.6034981, 16563574.933011431, 3649638.1059464784, -1801522690384533.0, -3686809.974521073, 7917801.968955774, 6.684148162197139e+29], [8.687652337554991e+32, -1.1177950153994265e+33, 6.300441636404336e+31, -2.8625624265197054e+40, -1.4116663685036906e+32, 6.684148162197139e+29, 9.151053371370621e+56]]
sigma_dmb
from cov matrix =
1.5615382357193079e-28
2-sigma =
3.8726148245838834e-28
2-sigma zack's method =
2.4310336003379293e-28