n-power=
0
dm_mass=
0.1
stepsize =
1.415891568768276e-26
fisher matrix =
[[3584147641.2863207, -1800433734.8818953, -88668523.67609839, -1.5657911380126016e+16, -94903788.1324267, -72055595.60349812, 5.291115057349496e+32], [-1800433734.8818953, 1750787881.9506576, -29201887.856971662, 3.5953828320539868e+16, 176067015.4240997, 16563574.933011431, -6.828791407328343e+32], [-88668523.67609839, -29201887.856971655, 20247033.28831126, -3066566765812936.5, -12649776.88391743, 3649638.1059464784, 3.858318796811236e+31], [-1.5657911380126016e+16, 3.5953828320539868e+16, -3066566765812936.5, 1.4418250451910467e+24, 5585324937608545.0, -1801522690384533.0, -1.7571600698062078e+40], [-94903788.1324267, 176067015.4240997, -12649776.88391743, 5585324937608545.0, 24887173.29381523, -3686809.974521073, -8.624912755981502e+31], [-72055595.6034981, 16563574.933011431, 3649638.1059464784, -1801522690384533.0, -3686809.974521073, 7917801.968955774, 6.777291919374368e+29], [5.291115057349496e+32, -6.828791407328343e+32, 3.858318796811236e+31, -1.7571600698062078e+40, -8.624912755981502e+31, 6.777291919374368e+29, 3.378549466227303e+56]]
sigma_dmb
from cov matrix =
2.7445299726805497e-28
2-sigma =
6.8064343322477635e-28
2-sigma zack's method =
4.270710049675607e-28