n-power=
0
dm_mass=
100
stepsize =
3.990524629937759e-26
fisher matrix =
[[3584147641.2863207, -1800433734.8818953, -88668523.67609839, -1.5657911380126016e+16, -94903788.1324267, -72055595.60349812, 4.429345129927508e+30], [-1800433734.8818953, 1750787881.9506576, -29201887.856971662, 3.5953828320539868e+16, 176067015.4240997, 16563574.933011431, -5.730754487093954e+30], [-88668523.67609839, -29201887.856971655, 20247033.28831126, -3066566765812936.5, -12649776.88391743, 3649638.1059464784, 3.244465126163685e+29], [-1.5657911380126016e+16, 3.5953828320539868e+16, -3066566765812936.5, 1.4418250451910467e+24, 5585324937608545.0, -1801522690384533.0, -1.4796674064542847e+38], [-94903788.1324267, 176067015.4240997, -12649776.88391743, 5585324937608545.0, 24887173.29381523, -3686809.974521073, -7.240587100817914e+29], [-72055595.6034981, 16563574.933011431, 3649638.1059464784, -1801522690384533.0, -3686809.974521073, 7917801.968955774, 7.334035534745509e+27], [4.429345129927508e+30, -5.730754487093954e+30, 3.244465126163685e+29, -1.4796674064542847e+38, -7.240587100817914e+29, 7.334035534745509e+27, 2.3650688269168733e+52]]
sigma_dmb
from cov matrix =
3.423560258222821e-26
2-sigma =
8.490429440392596e-26
2-sigma zack's method =
5.327380040287443e-26