n-power=
0
dm_mass=
10
stepsize =
2.8250750892455087e-26
fisher matrix =
[[3584147641.2863207, -1800433734.8818953, -88668523.67609839, -1.5657911380126016e+16, -94903788.1324267, -72055595.60349812, 3.565339042323664e+31], [-1800433734.8818953, 1750787881.9506576, -29201887.856971662, 3.5953828320539868e+16, 176067015.4240997, 16563574.933011431, -4.589220043912275e+31], [-88668523.67609839, -29201887.856971655, 20247033.28831126, -3066566765812936.5, -12649776.88391743, 3649638.1059464784, 2.5858876873039957e+30], [-1.5657911380126016e+16, 3.5953828320539868e+16, -3066566765812936.5, 1.4418250451910467e+24, 5585324937608545.0, -1801522690384533.0, -1.1762130256314248e+39], [-94903788.1324267, 176067015.4240997, -12649776.88391743, 5585324937608545.0, 24887173.29381523, -3686809.974521073, -5.788858939412957e+30], [-72055595.6034981, 16563574.933011431, 3649638.1059464784, -1801522690384533.0, -3686809.974521073, 7917801.968955774, 2.925690851701797e+28], [3.565339042323664e+31, -4.589220043912275e+31, 2.5858876873039957e+30, -1.1762130256314248e+39, -5.788858939412957e+30, 2.925690851701797e+28, 1.5289143640871217e+54]]
sigma_dmb
from cov matrix =
4.0117281244805766e-27
2-sigma =
9.94908574871183e-27
2-sigma zack's method =
