n-power=
0
dm_mass=
1e-05
stepsize =
2e-27
fisher matrix =
[[3584147641.2863207, -1800433734.8818953, -88668523.67609839, -1.5657911380126016e+16, -94903788.1324267, -72055595.60349812, 4.5098575254083543e+33], [-1800433734.8818953, 1750787881.9506576, -29201887.856971662, 3.5953828320539868e+16, 176067015.4240997, 16563574.933011431, -5.778031431853919e+33], [-88668523.67609839, -29201887.856971655, 20247033.28831126, -3066566765812936.5, -12649776.88391743, 3649638.1059464784, 3.2453785606181894e+32], [-1.5657911380126016e+16, 3.5953828320539868e+16, -3066566765812936.5, 1.4418250451910467e+24, 5585324937608545.0, -1801522690384533.0, -1.470437742038182e+41], [-94903788.1324267, 176067015.4240997, -12649776.88391743, 5585324937608545.0, 24887173.29381523, -3686809.974521073, -7.291564630276306e+32], [-72055595.6034981, 16563574.933011431, 3649638.1059464784, -1801522690384533.0, -3686809.974521073, 7917801.968955774, 3.8723262962268e+29], [4.5098575254083543e+33, -5.778031431853919e+33, 3.2453785606181894e+32, -1.470437742038182e+41, -7.291564630276306e+32, 3.8723262962268e+29, 2.4728621550960084e+58]]
sigma_dmb
from cov matrix =
2.825999655726951e-29
2-sigma =
7.008479146202838e-29
2-sigma zack's method =
4.3970718549232603e-29