n-power=
0
dm_mass=
1
stepsize =
2e-26
fisher matrix =
[[25887892589754.117, -4140736542100.763, -1174396584663.7732, 1.3802352109168586e+20, 501319586927.06635, -607370032787.5255, -4.570128388632574e+34], [-4140736542100.764, 662536164566.6091, 187901700740.112, -2.2075093719566135e+19, -80175506888.31895, 97141044270.11292, 7.308153889255198e+33], [-1174396584663.7732, 187901700740.112, 53291349401.126854, -6.26069473031401e+18, -22739322879.24932, 27550067384.217278, 2.0727415276039983e+33], [1.3802352109168586e+20, -2.2075093719566135e+19, -6.26069473031401e+18, 7.363300968454755e+26, 2.673671382859915e+18, -3.240204913799652e+18, -2.4375849538414803e+41], [501319586927.06635, -80175506888.31894, -22739322879.24932, 2.673671382859915e+18, 9710231257.963978, -11765452821.483612, -8.852532756920897e+32], [-607370032787.5255, 97141044270.11292, 27550067384.217278, -3.240204913799652e+18, -11765452821.483612, 14258582764.685003, 1.0726546666785927e+33], [-4.570128388632574e+34, 7.308153889255198e+33, 2.0727415276039983e+33, -2.4375849538414803e+41, -8.852532756920897e+32, 1.0726546666785924e+33, 8.071089308011431e+55]]
sigma_dmb
from cov matrix =
3.039940866727199e-26
2-sigma =
7.539053349483455e-26
2-sigma zack's method =
4.7303208821273853e-26