n-power=
0
dm_mass=
1
stepsize =
2e-26
fisher matrix =
[[3584147641.2863207, -1800433734.8818953, -88668523.67609839, -1.5657911380126016e+16, -94903788.1324267, -72055595.60349812, 2.3200815539839378e+32], [-1800433734.8818953, 1750787881.9506576, -29201887.856971662, 3.5953828320539868e+16, 176067015.4240997, 16563574.933011431, -3.00072017769303e+32], [-88668523.67609839, -29201887.856971655, 20247033.28831126, -3066566765812936.5, -12649776.88391743, 3649638.1059464784, 1.6982195526217629e+31], [-1.5657911380126016e+16, 3.5953828320539868e+16, -3066566765812936.5, 1.4418250451910467e+24, 5585324937608545.0, -1801522690384533.0, -7.746753453385338e+39], [-94903788.1324267, 176067015.4240997, -12649776.88391743, 5585324937608545.0, 24887173.29381523, -3686809.974521073, -3.7900689073724687e+31], [-72055595.6034981, 16563574.933011431, 3649638.1059464784, -1801522690384533.0, -3686809.974521073, 7917801.968955774, 3.791745545018913e+29], [2.3200815539839378e+32, -3.00072017769303e+32, 1.6982195526217629e+31, -7.746753453385338e+39, -3.7900689073724687e+31, 3.791745545018913e+29, 6.476136062779766e+55]]
sigma_dmb
from cov matrix =
6.590780602232915e-28
2-sigma =
1.634513589353763e-27
2-sigma zack's method =
1.0268393455996799e-27