n-power=
-2
dm_mass=
0.01
stepsize =
3.0000000000000004e-35
fisher matrix =
[[256435893581.12686, -29776046383.02648, -7419659687.458143, 8.808901786089398e+17, 3427601134.139993, -4228315504.6077895, -1.9153391039572594e+40], [-29776046383.026478, 8336506467.93758, 1028124901.3589946, 4043700566583479.0, 103003744.05470017, 419134005.55432063, -2.2877255156848837e+40], [-7419659687.458142, 1028124901.3589945, 357984694.2885425, -3.212505776823924e+16, -128414122.21582194, 116732473.65778747, 2.48885322622579e+39], [8.808901786089398e+17, 4043700566583473.0, -3.212505776823924e+16, 7.747932644628702e+24, 2.952788095956414e+16, -2.2729754413791104e+16, -8.712591772906191e+47], [3427601134.139993, 103003744.05470017, -128414122.21582194, 2.952788095956414e+16, 122740777.63268231, -77727013.48449327, -3.9830196913381825e+39], [-4228315504.6077895, 419134005.55432063, 116732473.65778747, -2.2729754413791104e+16, -77727013.48449329, 100292993.05216442, 8.60588507578141e+38], [-1.9153391039572592e+40, -2.2877255156848837e+40, 2.48885322622579e+39, -8.712591772906191e+47, -3.983019691338182e+39, 8.60588507578141e+38, 1.9730211594099186e+71]]
sigma_dmb
from cov matrix =
1.4594366838694862e-35
2-sigma =
3.6194029759963257e-35
2-sigma zack's method =
2.2715975386741828e-35