n-power=
-2
dm_mass=
0.1
stepsize =
9.486832980505138e-35
fisher matrix =
[[256435893581.12686, -29776046383.02648, -7419659687.458143, 8.808901786089398e+17, 3427601134.139993, -4228315504.6077895, -1.7285176134542381e+40], [-29776046383.026478, 8336506467.93758, 1028124901.3589946, 4043700566583479.0, 103003744.05470017, 419134005.55432063, -2.0739249633939818e+40], [-7419659687.458142, 1028124901.3589945, 357984694.2885425, -3.212505776823924e+16, -128414122.21582194, 116732473.65778747, 2.2546540985861367e+39], [8.808901786089398e+17, 4043700566583473.0, -3.212505776823924e+16, 7.747932644628702e+24, 2.952788095956414e+16, -2.2729754413791104e+16, -7.901686970266255e+47], [3427601134.139993, 103003744.05470017, -128414122.21582194, 2.952788095956414e+16, 122740777.63268231, -77727013.48449327, -3.610555269548508e+39], [-4228315504.6077895, 419134005.55432063, 116732473.65778747, -2.2729754413791104e+16, -77727013.48449329, 100292993.05216442, 7.818686333931821e+38], [-1.7285176134542381e+40, -2.0739249633939818e+40, 2.2546540985861367e+39, -7.901686970266255e+47, -3.610555269548508e+39, 7.818686333931821e+38, 1.6204523189680755e+71]]
sigma_dmb
from cov matrix =
1.623465623634803e-35
2-sigma =
4.0261947466143115e-35
2-sigma zack's method =
2.525703721349889e-35