n-power=
-2
dm_mass=
10
stepsize =
2e-33
fisher matrix =
[[256435893581.12686, -29776046383.02648, -7419659687.458143, 8.808901786089398e+17, 3427601134.139993, -4228315504.6077895, -1.6345992386067003e+39], [-29776046383.026478, 8336506467.93758, 1028124901.3589946, 4043700566583479.0, 103003744.05470017, 419134005.55432063, -1.9673329221973942e+39], [-7419659687.458142, 1028124901.3589945, 357984694.2885425, -3.212505776823924e+16, -128414122.21582194, 116732473.65778747, 2.136703704119686e+38], [8.808901786089398e+17, 4043700566583473.0, -3.212505776823924e+16, 7.747932644628702e+24, 2.952788095956414e+16, -2.2729754413791104e+16, -7.491167773674026e+46], [3427601134.139993, 103003744.05470017, -128414122.21582194, 2.952788095956414e+16, 122740777.63268231, -77727013.48449327, -3.4230351757136565e+38], [-4228315504.6077895, 419134005.55432063, 116732473.65778747, -2.2729754413791104e+16, -77727013.48449329, 100292993.05216442, 7.40390700283693e+37], [-1.6345992386067003e+39, -1.9673329221973942e+39, 2.136703704119686e+38, -7.491167773674026e+46, -3.4230351757136565e+38, 7.403907002836931e+37, 1.4570933908167653e+69]]
sigma_dmb
from cov matrix =
1.7117547356745372e-34
2-sigma =
4.245151744472852e-34
2-sigma zack's method =
2.6602847204951157e-34
