n-power=
-2
dm_mass=
1e-06
stepsize =
2e-35
fisher matrix =
[[256435893581.12686, -29776046383.02648, -7419659687.458143, 8.808901786089398e+17, 3427601134.139993, -4228315504.6077895, -1.935136890608136e+40], [-29776046383.026478, 8336506467.93758, 1028124901.3589946, 4043700566583479.0, 103003744.05470017, 419134005.55432063, -2.315096124078575e+40], [-7419659687.458142, 1028124901.3589945, 357984694.2885425, -3.212505776823924e+16, -128414122.21582194, 116732473.65778747, 2.5181210338512542e+39], [8.808901786089398e+17, 4043700566583473.0, -3.212505776823924e+16, 7.747932644628702e+24, 2.952788095956414e+16, -2.2729754413791104e+16, -8.817508224092435e+47], [3427601134.139993, 103003744.05470017, -128414122.21582194, 2.952788095956414e+16, 122740777.63268231, -77727013.48449327, -4.030967345403957e+39], [-4228315504.6077895, 419134005.55432063, 116732473.65778747, -2.2729754413791104e+16, -77727013.48449329, 100292993.05216442, 8.712703907818766e+38], [-1.935136890608136e+40, -2.3150961240785747e+40, 2.5181210338512542e+39, -8.817508224092435e+47, -4.030967345403957e+39, 8.712703907818766e+38, 2.0204598002199057e+71]]
sigma_dmb
from cov matrix =
1.4458915492175952e-35
2-sigma =
3.5858110420596364e-35
2-sigma zack's method =
2.2489601741547631e-35