n-power=
-2
dm_mass=
1
stepsize =
3e-34
fisher matrix =
[[256435893581.12686, -29776046383.02648, -7419659687.458143, 8.808901786089398e+17, 3427601134.139993, -4228315504.6077895, -9.213090298254462e+39], [-29776046383.026478, 8336506467.93758, 1028124901.3589946, 4043700566583479.0, 103003744.05470017, 419134005.55432063, -1.1075362488484172e+40], [-7419659687.458142, 1028124901.3589945, 357984694.2885425, -3.212505776823924e+16, -128414122.21582194, 116732473.65778747, 1.203204523894669e+39], [8.808901786089398e+17, 4043700566583473.0, -3.212505776823924e+16, 7.747932644628702e+24, 2.952788095956414e+16, -2.2729754413791104e+16, -4.2186676935199275e+47], [3427601134.139993, 103003744.05470017, -128414122.21582194, 2.952788095956414e+16, 122740777.63268231, -77727013.48449327, -1.9274762674640533e+39], [-4228315504.6077895, 419134005.55432063, 116732473.65778747, -2.2729754413791104e+16, -77727013.48449329, 100292993.05216442, 4.173153548768738e+38], [-9.213090298254462e+39, -1.1075362488484172e+40, 1.203204523894669e+39, -4.2186676935199275e+47, -1.9274762674640533e+39, 4.173153548768738e+38, 4.618604281791092e+70]]
sigma_dmb
from cov matrix =
3.045090750725491e-35
2-sigma =
7.551825061799218e-35
2-sigma zack's method =
4.7349775280682635e-35