n-power=
0
dm_mass=
0.001
stepsize =
7.09626778467151e-27
fisher matrix =
[[2167943615.9269233, -516694685.0297029, -142984045.87260818, 1.362326770272057e+16, 42688129.740245536, -60272655.58292045, 1.4192528754942466e+30], [-516694685.02970284, 211945056.95475215, 54836133.76206739, -3371906208866146.5, -7508189.083272481, 15234276.38022008, -1.6398311796081845e+30], [-142984045.87260818, 54836133.76206739, 14781184.250096813, -741493836895080.0, -1921125.6705498877, 3238359.9151722905, -3.445837559975118e+29], [1.3623267702720568e+16, -3371906208866147.0, -741493836895080.0, 3.9413436027508373e+23, 771449855338457.2, -1719520543762377.2, -2.280396662765747e+37], [42688129.740245536, -7508189.083272481, -1921125.6705498875, 771449855338457.2, 1940560.0923062125, -3391521.614820068, -7.223298918258336e+28], [-60272655.58292045, 15234276.38022008, 3238359.9151722905, -1719520543762377.2, -3391521.614820068, 7567802.214501878, 6.592039298167765e+28], [1.4192528754942463e+30, -1.6398311796081847e+30, -3.445837559975118e+29, -2.280396662765747e+37, -7.2232989182583355e+28, 6.592039298167766e+28, 7.315384789164177e+52]]
sigma_dmb
from cov matrix =
5.353475334021253e-27
relative_bulk_velocity =
0.0
2-sigma zack's method =
8.330003609339675e-27