n-power=
0
dm_mass=
0.0001
stepsize =
2e-27
fisher matrix =
[[2167943615.9269233, -516694685.0297029, -142984045.87260818, 1.362326770272057e+16, 42688129.740245536, -60272655.58292045, 3.3133636628108276e+30], [-516694685.02970284, 211945056.95475215, 54836133.76206739, -3371906208866146.5, -7508189.083272481, 15234276.38022008, -2.4718415294658354e+30], [-142984045.87260818, 54836133.76206739, 14781184.250096813, -741493836895080.0, -1921125.6705498877, 3238359.9151722905, -5.212716053318743e+29], [1.3623267702720568e+16, -3371906208866147.0, -741493836895080.0, 3.9413436027508373e+23, 771449855338457.2, -1719520543762377.2, -3.256257759266088e+36], [42688129.740245536, -7508189.083272481, -1921125.6705498875, 771449855338457.2, 1940560.0923062125, -3391521.614820068, -3.177802309455459e+28], [-60272655.58292045, 15234276.38022008, 3238359.9151722905, -1719520543762377.2, -3391521.614820068, 7567802.214501878, -3.4722762682976644e+28], [3.313363662810828e+30, -2.4718415294658357e+30, -5.2127160533187445e+29, -3.25625775926609e+36, -3.1778023094554593e+28, -3.472276268297666e+28, 1.4623827442994428e+53]]
sigma_dmb
from cov matrix =
3.618907543947739e-27
relative_bulk_velocity =
0.0
2-sigma zack's method =
5.632812951352491e-27