n-power=
0
dm_mass=
0.001
stepsize =
7.09626778467151e-27
fisher matrix =
[[2166267546.25976, -514699747.1361665, -143106257.28853744, 1.3693642524009776e+16, 42746568.42180874, -60272868.40681675, 1.2017938389115858e+30], [-514699747.1361666, 209498334.12307432, 54988956.35899584, -3461513545536788.0, -7559749.6453213245, 15234550.812658137, -1.3919976639339728e+30], [-143106257.2885374, 54988956.35899584, 14771521.059527835, -735763072158030.8, -1918736.684595337, 3238342.228061953, -3.5913997196901224e+29], [1.3693642524009776e+16, -3461513545536787.5, -735763072158030.8, 3.9069660181516275e+23, 770548260514535.5, -1719509854048011.5, -1.4970566856100706e+37], [42746568.42180874, -7559749.645321325, -1918736.6845953371, 770548260514535.5, 1933119.1329378865, -3391519.883427506, -5.785813896658979e+28], [-60272868.40681675, 15234550.812658137, 3238342.228061953, -1719509854048011.5, -3391519.883427506, 7567802.181100736, 6.589776941083159e+28], [1.2017938389115858e+30, -1.3919976639339728e+30, -3.5913997196901224e+29, -1.4970566856100706e+37, -5.785813896658979e+28, 6.589776941083159e+28, 1.9591462743341092e+52]]
sigma_dmb
from cov matrix =
2.014861445762938e-26
relative_bulk_velocity =
0.0
2-sigma zack's method =
3.135069822200403e-26