n-power=
0
dm_mass=
0.01
stepsize =
1.0023744672545445e-26
fisher matrix =
[[2167943615.9269233, -516694685.0297029, -142984045.87260818, 1.362326770272057e+16, 42688129.740245536, -60272655.58292045, -3.984845055637367e+29], [-516694685.02970284, 211945056.95475215, 54836133.76206739, -3371906208866146.5, -7508189.083272481, 15234276.38022008, -7.985703746530476e+29], [-142984045.87260818, 54836133.76206739, 14781184.250096813, -741493836895080.0, -1921125.6705498877, 3238359.9151722905, -1.6378701651990606e+29], [1.3623267702720568e+16, -3371906208866147.0, -741493836895080.0, 3.9413436027508373e+23, 771449855338457.2, -1719520543762377.2, -4.314797040968233e+37], [42688129.740245536, -7508189.083272481, -1921125.6705498875, 771449855338457.2, 1940560.0923062125, -3391521.614820068, -1.1187565948624253e+29], [-60272655.58292045, 15234276.38022008, 3238359.9151722905, -1719520543762377.2, -3391521.614820068, 7567802.214501878, 1.6883856396367757e+29], [-3.984845055637368e+29, -7.985703746530476e+29, -1.6378701651990602e+29, -4.314797040968233e+37, -1.1187565948624253e+29, 1.6883856396367757e+29, 3.1763393590855686e+52]]
sigma_dmb
from cov matrix =
9.263089432517236e-27
relative_bulk_velocity =
0.0
2-sigma zack's method =
1.4427239742076494e-26