F = [[ 2.22491825e+09, -5.28949996e+08, -1.46762463e+08,
         1.37602739e+16,  4.32596514e+07, -6.09194532e+07,
        -1.35115163e+30],
       [-5.28949996e+08,  2.18684372e+08,  5.63471495e+07,
        -3.62992524e+15, -7.76352919e+06,  1.63780929e+07,
        -3.77802646e+29],
       [-1.46762463e+08,  5.63471495e+07,  1.51738795e+07,
        -7.76941633e+14, -1.98408389e+06,  3.39358186e+06,
        -7.41877899e+28],
       [ 1.37602739e+16, -3.62992524e+15, -7.76941633e+14,
         4.29784045e+23,  8.06339957e+14, -1.87559672e+15,
        -5.54031243e+37],
       [ 4.32596514e+07, -7.76352919e+06, -1.98408389e+06,
         8.06339957e+14,  2.02817129e+06, -3.54933497e+06,
        -1.36656996e+29],
       [-6.09194532e+07,  1.63780929e+07,  3.39358186e+06,
        -1.87559672e+15, -3.54933497e+06,  8.29154585e+06,
         2.29798879e+29],
       [-1.35115163e+30, -3.77802646e+29, -7.41877899e+28,
        -5.54031243e+37, -1.36656996e+29,  2.29798879e+29,
         2.02977403e+52]]

2sigma=2.2868826139909935e-26