n-power=
0
dm_mass=
0.1
stepsize =
1.415891568768276e-26
fisher matrix =
[[2167943615.9269233, -516694685.0297029, -142984045.87260818, 1.362326770272057e+16, 42688129.740245536, -60272655.58292045, -1.3662062615332813e+30], [-516694685.02970284, 211945056.95475215, 54836133.76206739, -3371906208866146.5, -7508189.083272481, 15234276.38022008, -3.714246862978135e+29], [-142984045.87260818, 54836133.76206739, 14781184.250096813, -741493836895080.0, -1921125.6705498877, 3238359.9151722905, -7.187606295736452e+28], [1.3623267702720568e+16, -3371906208866147.0, -741493836895080.0, 3.9413436027508373e+23, 771449855338457.2, -1719520543762377.2, -5.306080274468171e+37], [42688129.740245536, -7508189.083272481, -1921125.6705498875, 771449855338457.2, 1940560.0923062125, -3391521.614820068, -1.323720700046372e+29], [-60272655.58292045, 15234276.38022008, 3238359.9151722905, -1719520543762377.2, -3391521.614820068, 7567802.214501878, 2.195506437989993e+29], [-1.3662062615332813e+30, -3.714246862978135e+29, -7.187606295736452e+28, -5.306080274468171e+37, -1.3237207000463722e+29, 2.1955064379899928e+29, 1.9925834807195945e+52]]
sigma_dmb
from cov matrix =
1.5046029041025138e-26
relative_bulk_velocity =
0.0
2-sigma zack's method =
2.3403124642858316e-26