n-power=
0
dm_mass=
1000
stepsize =
5.636765862528908e-26
fisher matrix =
[[2167943615.9269233, -516694685.0297029, -142984045.87260818, 1.362326770272057e+16, 42688129.740245536, -60272655.58292045, -1.43935949809823e+27], [-516694685.02970284, 211945056.95475215, 54836133.76206739, -3371906208866146.5, -7508189.083272481, 15234276.38022008, -3.177549098482307e+26], [-142984045.87260818, 54836133.76206739, 14781184.250096813, -741493836895080.0, -1921125.6705498877, 3238359.9151722905, -6.270990749992402e+25], [1.3623267702720568e+16, -3371906208866147.0, -741493836895080.0, 3.9413436027508373e+23, 771449855338457.2, -1719520543762377.2, -5.67979887848857e+34], [42688129.740245536, -7508189.083272481, -1921125.6705498875, 771449855338457.2, 1940560.0923062125, -3391521.614820068, -1.3776526193830112e+26], [-60272655.58292045, 15234276.38022008, 3238359.9151722905, -1719520543762377.2, -3391521.614820068, 7567802.214501878, 2.3776052891232453e+26], [-1.4393594980982293e+27, -3.177549098482307e+26, -6.270990749992402e+25, -5.679798878488568e+34, -1.3776526193830112e+26, 2.3776052891232453e+26, 2.35422919987265e+46]]
sigma_dmb
from cov matrix =
1.1237461275189112e-23
relative_bulk_velocity =
0.0
2-sigma zack's method =
1.74762532754248e-23