n-power=
0
dm_mass=
1000
stepsize =
5.636765862528908e-26
fisher matrix =
[[2166267546.25976, -514699747.1361665, -143106257.28853744, 1.3693642524009776e+16, 42746568.42180874, -60272868.40681675, -1.5150584557836336e+27], [-514699747.1361666, 209498334.12307432, 54988956.35899584, -3461513545536788.0, -7559749.6453213245, 15234550.812658137, -2.3107717837006633e+26], [-143106257.2885374, 54988956.35899584, 14771521.059527835, -735763072158030.8, -1918736.684595337, 3238342.228061953, -6.782788721333047e+25], [1.3693642524009776e+16, -3461513545536787.5, -735763072158030.8, 3.9069660181516275e+23, 770548260514535.5, -1719509854048011.5, -5.401867171681712e+34], [42746568.42180874, -7559749.645321325, -1918736.6845953371, 770548260514535.5, 1933119.1329378865, -3391519.883427506, -1.3306208669559198e+26], [-60272868.40681675, 15234550.812658137, 3238342.228061953, -1719509854048011.5, -3391519.883427506, 7567802.181100736, 2.3775244993240275e+26], [-1.5150584557836336e+27, -2.3107717837006643e+26, -6.782788721333047e+25, -5.401867171681712e+34, -1.3306208669559195e+26, 2.3775244993240275e+26, 1.7956450172136025e+46]]
sigma_dmb
from cov matrix =
1.3732387172309932e-23
relative_bulk_velocity =
0.0
2-sigma zack's method =
2.1356003714509096e-23