n-power=
0
dm_mass=
100
stepsize =
3.990524629937759e-26
fisher matrix =
[[2167943615.9269233, -516694685.0297029, -142984045.87260818, 1.362326770272057e+16, 42688129.740245536, -60272655.58292045, -2.063865473810377e+28], [-516694685.02970284, 211945056.95475215, 54836133.76206739, -3371906208866146.5, -7508189.083272481, 15234276.38022008, -1.8824477952076696e+27], [-142984045.87260818, 54836133.76206739, 14781184.250096813, -741493836895080.0, -1921125.6705498877, 3238359.9151722905, -2.9573779127229242e+26], [1.3623267702720568e+16, -3371906208866147.0, -741493836895080.0, 3.9413436027508373e+23, 771449855338457.2, -1719520543762377.2, -6.26316082843537e+35], [42688129.740245536, -7508189.083272481, -1921125.6705498875, 771449855338457.2, 1940560.0923062125, -3391521.614820068, -1.556129112566191e+27], [-60272655.58292045, 15234276.38022008, 3238359.9151722905, -1719520543762377.2, -3391521.614820068, 7567802.214501878, 2.6356019117737546e+27], [-2.063865473810377e+28, -1.8824477952076707e+27, -2.957377912722925e+26, -6.263160828435371e+35, -1.556129112566191e+27, 2.6356019117737546e+27, 2.098425895199515e+48]]
sigma_dmb
from cov matrix =
1.6958282881519954e-24
relative_bulk_velocity =
0.0
2-sigma zack's method =
2.638689997192321e-24