n-power=
0
dm_mass=
10
stepsize =
2.8250750892455087e-26
fisher matrix =
[[2167943615.9269233, -516694685.0297029, -142984045.87260818, 1.362326770272057e+16, 42688129.740245536, -60272655.58292045, -1.78236061958459e+29], [-516694685.02970284, 211945056.95475215, 54836133.76206739, -3371906208866146.5, -7508189.083272481, 15234276.38022008, -2.0001920772638198e+28], [-142984045.87260818, 54836133.76206739, 14781184.250096813, -741493836895080.0, -1921125.6705498877, 3238359.9151722905, -3.461523752215348e+27], [1.3623267702720568e+16, -3371906208866147.0, -741493836895080.0, 3.9413436027508373e+23, 771449855338457.2, -1719520543762377.2, -5.700736608188267e+36], [42688129.740245536, -7508189.083272481, -1921125.6705498875, 771449855338457.2, 1940560.0923062125, -3391521.614820068, -1.4113209423564553e+28], [-60272655.58292045, 15234276.38022008, 3238359.9151722905, -1719520543762377.2, -3391521.614820068, 7567802.214501878, 2.3975107849791967e+28], [-1.78236061958459e+29, -2.0001920772638198e+28, -3.461523752215348e+27, -5.700736608188267e+36, -1.4113209423564553e+28, 2.3975107849791967e+28, 1.7219084538248804e+50]]
sigma_dmb
from cov matrix =
1.9773782654541292e-25
relative_bulk_velocity =
0.0
2-sigma zack's method =
3.0765381781593646e-25