n-power=
0
dm_mass=
1e-06
stepsize =
2e-27
fisher matrix =
[[2167943615.9269233, -516694685.0297029, -142984045.87260818, 1.362326770272057e+16, 42688129.740245536, -60272655.58292045, 1.4814809814630492e+31], [-516694685.02970284, 211945056.95475215, 54836133.76206739, -3371906208866146.5, -7508189.083272481, 15234276.38022008, -1.0975811207711458e+31], [-142984045.87260818, 54836133.76206739, 14781184.250096813, -741493836895080.0, -1921125.6705498877, 3238359.9151722905, -2.3294363711864725e+30], [1.3623267702720568e+16, -3371906208866147.0, -741493836895080.0, 3.9413436027508373e+23, 771449855338457.2, -1719520543762377.2, 3.123863535765383e+37], [42688129.740245536, -7508189.083272481, -1921125.6705498875, 771449855338457.2, 1940560.0923062125, -3391521.614820068, -6.5588924368674395e+28], [-60272655.58292045, 15234276.38022008, 3238359.9151722905, -1719520543762377.2, -3391521.614820068, 7567802.214501878, -3.380288370157969e+29], [1.4814809814630492e+31, -1.0975811207711458e+31, -2.3294363711864725e+30, 3.123863535765383e+37, -6.558892436867438e+28, -3.380288370157969e+29, 2.486709012802064e+54]]
2-sigma zack's method =
from cov matrix =
8.99556666445819e-28
relative_bulk_velocity =
0.0
2-sigma zack's method =
1.4003794709674294e-27