F =[[ 2.22491825e+09, -5.28949996e+08, -1.46762463e+08,
         1.37602739e+16,  4.32596514e+07, -6.09194532e+07,
         8.03355093e+30],
       [-5.28949996e+08,  2.18684372e+08,  5.63471495e+07,
        -3.62992524e+15, -7.76352919e+06,  1.63780929e+07,
        -5.46713205e+30],
       [-1.46762463e+08,  5.63471495e+07,  1.51738795e+07,
        -7.76941633e+14, -1.98408389e+06,  3.39358186e+06,
        -1.15660728e+30],
       [ 1.37602739e+16, -3.62992524e+15, -7.76941633e+14,
         4.29784045e+23,  8.06339957e+14, -1.87559672e+15,
         3.12008164e+37],
       [ 4.32596514e+07, -7.76352919e+06, -1.98408389e+06,
         8.06339957e+14,  2.02817129e+06, -3.54933497e+06,
         4.13804212e+27],
       [-6.09194532e+07,  1.63780929e+07,  3.39358186e+06,
        -1.87559672e+15, -3.54933497e+06,  8.29154585e+06,
        -2.36731634e+29],
       [ 8.03355093e+30, -5.46713205e+30, -1.15660728e+30,
         3.12008164e+37,  4.13804212e+27, -2.36731634e+29,
         6.08617459e+53]]

2.738504191369897e-27