n-power=
0
dm_mass=
1e-05
stepsize =
2e-27
fisher matrix =
[[2167943615.9269233, -516694685.0297029, -142984045.87260818, 1.362326770272057e+16, 42688129.740245536, -60272655.58292045, 7.820410234552678e+30], [-516694685.02970284, 211945056.95475215, 54836133.76206739, -3371906208866146.5, -7508189.083272481, 15234276.38022008, -5.301506661858447e+30], [-142984045.87260818, 54836133.76206739, 14781184.250096813, -741493836895080.0, -1921125.6705498877, 3238359.9151722905, -1.1226237568075579e+30], [1.3623267702720568e+16, -3371906208866147.0, -741493836895080.0, 3.9413436027508373e+23, 771449855338457.2, -1719520543762377.2, 2.341040042376925e+37], [42688129.740245536, -7508189.083272481, -1921125.6705498875, 771449855338457.2, 1940560.0923062125, -3391521.614820068, -3.316585263576394e+27], [-60272655.58292045, 15234276.38022008, 3238359.9151722905, -1719520543762377.2, -3391521.614820068, 7567802.214501878, -2.0207695483567177e+29], [7.820410234552677e+30, -5.301506661858449e+30, -1.1226237568075579e+30, 2.341040042376924e+37, -3.3165852635763934e+27, -2.020769548356718e+29, 6.035137819009639e+53]]
sigma_dmb
from cov matrix =
1.787624241349769e-27
relative_bulk_velocity =
0.0
2-sigma zack's method =
2.782225917867236e-27