n-power=
0
dm_mass=
1e-06
stepsize =
2e-27
fisher matrix =
[[2166267546.25976, -514699747.1361665, -143106257.28853744, 1.3693642524009776e+16, 42746568.42180874, -60272868.40681675, 1.354606629137714e+31], [-514699747.1361666, 209498334.12307432, 54988956.35899584, -3461513545536788.0, -7559749.6453213245, 15234550.812658137, -9.530769191576755e+30], [-143106257.2885374, 54988956.35899584, 14771521.059527835, -735763072158030.8, -1918736.684595337, 3238342.228061953, -2.4142598331302126e+30], [1.3693642524009776e+16, -3461513545536787.5, -735763072158030.8, 3.9069660181516275e+23, 770548260514535.5, -1719509854048011.5, 7.684313416583326e+37], [42746568.42180874, -7559749.645321325, -1918736.6845953371, 770548260514535.5, 1933119.1329378865, -3391519.883427506, 1.8747741118037159e+28], [-60272868.40681675, 15234550.812658137, 3238342.228061953, -1719509854048011.5, -3391519.883427506, 7567802.181100736, -3.381604575988738e+29], [1.354606629137714e+31, -9.530769191576756e+30, -2.4142598331302126e+30, 7.684313416583328e+37, 1.8747741118037194e+28, -3.381604575988738e+29, 6.4845728294007426e+53]]
sigma_dmb
from cov matrix =
3.160379099190987e-27
relative_bulk_velocity =
0.0
2-sigma zack's method =
4.9197547258645774e-27