n-power=
0
dm_mass=
1
stepsize =
2e-26
fisher matrix =
[[2166267546.25976, -514699747.1361665, -143106257.28853744, 1.3693642524009776e+16, 42746568.42180874, -60272868.40681675, -1.0049546296427634e+30], [-514699747.1361666, 209498334.12307432, 54988956.35899584, -3461513545536788.0, -7559749.6453213245, 15234550.812658137, -7.872569774531125e+28], [-143106257.2885374, 54988956.35899584, 14771521.059527835, -735763072158030.8, -1918736.684595337, 3238342.228061953, -2.489128668727745e+28], [1.3693642524009776e+16, -3461513545536787.5, -735763072158030.8, 3.9069660181516275e+23, 770548260514535.5, -1719509854048011.5, -3.026590583751825e+37], [42746568.42180874, -7559749.645321325, -1918736.6845953371, 770548260514535.5, 1933119.1329378865, -3391519.883427506, -7.601505820848228e+28], [-60272868.40681675, 15234550.812658137, 3238342.228061953, -1719509854048011.5, -3391519.883427506, 7567802.181100736, 1.3321198388823302e+29], [-1.0049546296427634e+30, -7.872569774531125e+28, -2.489128668727745e+28, -3.026590583751825e+37, -7.601505820848228e+28, 1.3321198388823302e+29, 3.9270872240514575e+51]]
sigma_dmb
from cov matrix =
9.476435966708879e-26
relative_bulk_velocity =
0.0
2-sigma zack's method =
1.4740856708342015e-25