n-power=
0
dm_mass=
1
stepsize =
2e-26
fisher matrix =
[[2167943615.9269233, -516694685.0297029, -142984045.87260818, 1.362326770272057e+16, 42688129.740245536, -60272655.58292045, -2.566908117127726e+30], [-516694685.02970284, 211945056.95475215, 54836133.76206739, -3371906208866146.5, -7508189.083272481, 15234276.38022008, 9.803407135350451e+28], [-142984045.87260818, 54836133.76206739, 14781184.250096813, -741493836895080.0, -1921125.6705498877, 3238359.9151722905, 2.7472167978256007e+28], [1.3623267702720568e+16, -3371906208866147.0, -741493836895080.0, 3.9413436027508373e+23, 771449855338457.2, -1719520543762377.2, -7.810449085618207e+37], [42688129.740245536, -7508189.083272481, -1921125.6705498875, 771449855338457.2, 1940560.0923062125, -3391521.614820068, -1.8055710031925513e+29], [-60272655.58292045, 15234276.38022008, 3238359.9151722905, -1719520543762377.2, -3391521.614820068, 7567802.214501878, 3.348225973450826e+29], [-2.566908117127726e+30, 9.80340713535045e+28, 2.7472167978256025e+28, -7.810449085618207e+37, -1.8055710031925513e+29, 3.348225973450826e+29, 2.1281904054950221e+52]]
sigma_dmb
from cov matrix =
2.8155231157256355e-26
relative_bulk_velocity =
30.0
2-sigma zack's method =
4.3797592334116704e-26