n-power=
0
dm_mass=
1
stepsize =
2e-26
fisher matrix =
[[2167943615.9269233, -516694685.0297029, -142984045.87260818, 1.362326770272057e+16, 42688129.740245536, -60272655.58292045, -9.649550916408512e+29], [-516694685.02970284, 211945056.95475215, 54836133.76206739, -3371906208866146.5, -7508189.083272481, 15234276.38022008, -1.2451624631164741e+29], [-142984045.87260818, 54836133.76206739, 14781184.250096813, -741493836895080.0, -1921125.6705498877, 3238359.9151722905, -2.2188099717687766e+28], [1.3623267702720568e+16, -3371906208866147.0, -741493836895080.0, 3.9413436027508373e+23, 771449855338457.2, -1719520543762377.2, -3.1733382009969733e+37], [42688129.740245536, -7508189.083272481, -1921125.6705498875, 771449855338457.2, 1940560.0923062125, -3391521.614820068, -7.850571698145044e+28], [-60272655.58292045, 15234276.38022008, 3238359.9151722905, -1719520543762377.2, -3391521.614820068, 7567802.214501878, 1.3321624857115402e+29], [-9.64955091640851e+29, -1.2451624631164741e+29, -2.2188099717687775e+28, -3.1733382009969733e+37, -7.850571698145044e+28, 1.3321624857115402e+29, 5.49227582582859e+51]]
sigma_dmb
from cov matrix =
3.41430498492798e-26
relative_bulk_velocity =
0.0
2-sigma zack's method =
5.31250456837938e-26