n-power=
-2
dm_mass=
0.01
stepsize =
3.0000000000000004e-35
fisher matrix =
[[3584147641.2863207, -1800433734.8818953, -88668523.67609839, -1.5657911380126016e+16, -94903788.1324267, -72055595.60349812, 7.886224369655134e+39], [-1800433734.8818953, 1750787881.9506576, -29201887.856971662, 3.5953828320539868e+16, 176067015.4240997, 16563574.933011431, -1.0486861421481242e+40], [-88668523.67609839, -29201887.856971655, 20247033.28831126, -3066566765812936.5, -12649776.88391743, 3649638.1059464784, 6.0714678693143094e+38], [-1.5657911380126016e+16, 3.5953828320539868e+16, -3066566765812936.5, 1.4418250451910467e+24, 5585324937608545.0, -1801522690384533.0, -2.813713675396549e+47], [-94903788.1324267, 176067015.4240997, -12649776.88391743, 5585324937608545.0, 24887173.29381523, -3686809.974521073, -1.3330268110732054e+39], [-72055595.6034981, 16563574.933011431, 3649638.1059464784, -1801522690384533.0, -3686809.974521073, 7917801.968955774, 4.890354419897725e+37], [7.886224369655134e+39, -1.0486861421481242e+40, 6.0714678693143094e+38, -2.813713675396549e+47, -1.3330268110732054e+39, 4.890354419897725e+37, 7.603846353995557e+70]]
sigma_dmb
from cov matrix =
3.224621356735743e-35
2-sigma =
7.997060964704642e-35
2-sigma zack's method =
5.01758079107504e-35