n-power=
-2
dm_mass=
100
stepsize =
3.794733192202055e-32
fisher matrix =
[[3584147641.2863207, -1800433734.8818953, -88668523.67609839, -1.5657911380126016e+16, -94903788.1324267, -72055595.60349812, 7.246875428878662e+37], [-1800433734.8818953, 1750787881.9506576, -29201887.856971662, 3.5953828320539868e+16, 176067015.4240997, 16563574.933011431, -9.649203651238179e+37], [-88668523.67609839, -29201887.856971655, 20247033.28831126, -3066566765812936.5, -12649776.88391743, 3649638.1059464784, 5.591545648841853e+36], [-1.5657911380126016e+16, 3.5953828320539868e+16, -3066566765812936.5, 1.4418250451910467e+24, 5585324937608545.0, -1801522690384533.0, -2.591874926163377e+45], [-94903788.1324267, 176067015.4240997, -12649776.88391743, 5585324937608545.0, 24887173.29381523, -3686809.974521073, -1.2269142301492762e+37], [-72055595.6034981, 16563574.933011431, 3649638.1059464784, -1801522690384533.0, -3686809.974521073, 7917801.968955774, 4.595418049954262e+35], [7.246875428878662e+37, -9.649203651238179e+37, 5.591545648841853e+36, -2.591874926163377e+45, -1.2269142301492762e+37, 4.595418049954262e+35, 6.434227759201139e+66]]
sigma_dmb
from cov matrix =
3.5665872828071166e-33
2-sigma =
8.845136461361649e-33
2-sigma zack's method =
5.5480104430306274e-33