n-power=
-2
dm_mass=
10
stepsize =
2e-33
fisher matrix =
[[3584147641.2863207, -1800433734.8818953, -88668523.67609839, -1.5657911380126016e+16, -94903788.1324267, -72055595.60349812, 6.772611889803525e+38], [-1800433734.8818953, 1750787881.9506576, -29201887.856971662, 3.5953828320539868e+16, 176067015.4240997, 16563574.933011431, -9.01371082238252e+38], [-88668523.67609839, -29201887.856971655, 20247033.28831126, -3066566765812936.5, -12649776.88391743, 3649638.1059464784, 5.221582827242899e+37], [-1.5657911380126016e+16, 3.5953828320539868e+16, -3066566765812936.5, 1.4418250451910467e+24, 5585324937608545.0, -1801522690384533.0, -2.4198380783889084e+46], [-94903788.1324267, 176067015.4240997, -12649776.88391743, 5585324937608545.0, 24887173.29381523, -3686809.974521073, -1.1460083263999818e+38], [-72055595.6034981, 16563574.933011431, 3649638.1059464784, -1801522690384533.0, -3686809.974521073, 7917801.968955774, 4.248035259338749e+36], [6.772611889803525e+38, -9.01371082238252e+38, 5.221582827242899e+37, -2.4198380783889084e+46, -1.1460083263999818e+38, 4.248035259338748e+36, 5.616786786317867e+68]]
sigma_dmb
from cov matrix =
3.779969462338831e-34
2-sigma =
9.3743242666003e-34
2-sigma zack's method =
5.8838757999870185e-34