n-power=
-2
dm_mass=
1e-05
stepsize =
3.035786553761644e-35
fisher matrix =
[[3584147641.2863207, -1800433734.8818953, -88668523.67609839, -1.5657911380126016e+16, -94903788.1324267, -72055595.60349812, 7.96421885921687e+39], [-1800433734.8818953, 1750787881.9506576, -29201887.856971662, 3.5953828320539868e+16, 176067015.4240997, 16563574.933011431, -1.0596602921542038e+40], [-88668523.67609839, -29201887.856971655, 20247033.28831126, -3066566765812936.5, -12649776.88391743, 3649638.1059464784, 6.1367066027252766e+38], [-1.5657911380126016e+16, 3.5953828320539868e+16, -3066566765812936.5, 1.4418250451910467e+24, 5585324937608545.0, -1801522690384533.0, -2.8437151902660547e+47], [-94903788.1324267, 176067015.4240997, -12649776.88391743, 5585324937608545.0, 24887173.29381523, -3686809.974521073, -1.3471856504511341e+39], [-72055595.6034981, 16563574.933011431, 3649638.1059464784, -1801522690384533.0, -3686809.974521073, 7917801.968955774, 4.960423409043642e+37], [7.96421885921687e+39, -1.0596602921542038e+40, 6.1367066027252766e+38, -2.8437151902660547e+47, -1.3471856504511341e+39, 4.960423409043642e+37, 7.764802327835416e+70]]
sigma_dmb
from cov matrix =
3.193655849079259e-35
2-sigma =
7.920266505716563e-35
2-sigma zack's method =
4.963075853704766e-35