n-power=
-2
dm_mass=
1
stepsize =
3e-34
fisher matrix =
[[3584147641.2863207, -1800433734.8818953, -88668523.67609839, -1.5657911380126016e+16, -94903788.1324267, -72055595.60349812, 3.8125252863884484e+39], [-1800433734.8818953, 1750787881.9506576, -29201887.856971662, 3.5953828320539868e+16, 176067015.4240997, 16563574.933011431, -5.074660144145116e+39], [-88668523.67609839, -29201887.856971655, 20247033.28831126, -3066566765812936.5, -12649776.88391743, 3649638.1059464784, 2.9399968287647235e+38], [-1.5657911380126016e+16, 3.5953828320539868e+16, -3066566765812936.5, 1.4418250451910467e+24, 5585324937608545.0, -1801522690384533.0, -1.3625318394359446e+47], [-94903788.1324267, 176067015.4240997, -12649776.88391743, 5585324937608545.0, 24887173.29381523, -3686809.974521073, -6.452206688459826e+38], [-72055595.6034981, 16563574.933011431, 3649638.1059464784, -1801522690384533.0, -3686809.974521073, 7917801.968955774, 2.397768012330513e+37], [3.8125252863884484e+39, -5.074660144145116e+39, 2.9399968287647235e+38, -1.3625318394359446e+47, -6.452206688459826e+38, 2.397768012330513e+37, 1.7802570802049865e+70]]
sigma_dmb
from cov matrix =
6.723310070496838e-35
2-sigma =
1.6673808974832158e-34
2-sigma zack's method =
1.0462533258877998e-34