n-power=
0
dm_mass=
0.0001
stepsize =
2e-27
fisher matrix =
[[284377286.72229683, -61111739.97848561, -18903101.7183825, 659035207608472.6, 2920622.7412721864, -2985218.817921303, 5.501602584675729e+29], [-61111739.97848561, 33698251.599707045, 7554156.015874816, -1283699460265280.8, -1303214.3461170702, 5683680.867815896, -2.301006582505259e+29], [-18903101.7183825, 7554156.015874814, 1960538.6689072843, -178138296989380.5, -308013.71297867515, 780914.9433835647, -6.126705675466279e+28], [659035207608472.5, -1283699460265280.5, -178138296989380.5, 1.765702646382906e+23, 181792419590992.0, -774356933770897.8, -1.3858388231577305e+37], [2920622.7412721864, -1303214.3461170702, -308013.7129786752, 181792419590992.03, 405041.79634023824, -808458.7752435027, -2.615410093119015e+28], [-2985218.817921303, 5683680.867815897, 780914.9433835647, -774356933770897.8, -808458.7752435027, 3468075.559675429, 5.95567269255666e+28], [5.501602584675728e+29, -2.301006582505259e+29, -6.126705675466279e+28, -1.3858388231577305e+37, -2.615410093119015e+28, 5.955672692556659e+28, 7.680380056384405e+51]]
sigma_dmb
from cov matrix =
2.6917746415332074e-26
2-sigma =
4.1868537456619514e-26