n-power=
0
dm_mass=
0.001
stepsize =
2e-27
fisher matrix =
[[284377286.72229683, -61111739.97848561, -18903101.7183825, 659035207608472.6, 2920622.7412721864, -2985218.817921303, 2.5837391612282738e+29], [-61111739.97848561, 33698251.599707045, 7554156.015874816, -1283699460265280.8, -1303214.3461170702, 5683680.867815896, 1.44784100416998e+28], [-18903101.7183825, 7554156.015874814, 1960538.6689072843, -178138296989380.5, -308013.71297867515, 780914.9433835647, -1.5182967885888623e+28], [659035207608472.5, -1283699460265280.5, -178138296989380.5, 1.765702646382906e+23, 181792419590992.0, -774356933770897.8, -3.556442965876755e+37], [2920622.7412721864, -1303214.3461170702, -308013.7129786752, 181792419590992.03, 405041.79634023824, -808458.7752435027, -5.506532011476031e+28], [-2985218.817921303, 5683680.867815897, 780914.9433835647, -774356933770897.8, -808458.7752435027, 3468075.559675429, 1.5560468211823058e+29], [2.5837391612282738e+29, 1.447841004169982e+28, -1.5182967885888623e+28, -3.556442965876755e+37, -5.506532011476031e+28, 1.5560468211823058e+29, 1.1753901258647386e+52]]
sigma_dmb
from cov matrix =
4.1393617433917504e-26
2-sigma =
6.434977482024204e-26