n-power=
0
dm_mass=
0.1
stepsize =
1.415891568768276e-26
fisher matrix =
[[284305362.34122974, -61011380.79661474, -18909870.63770958, 663310422725675.9, 2918834.7763865334, -2985232.5376811167, 8.868005702122105e+28], [-61011380.79661473, 33544652.913486823, 7564943.644878147, -1290696407249238.0, -1297922.3108012574, 5683703.67362347, 1.1643479048135814e+29], [-18909870.63770958, 7564943.644878147, 1959768.6381527386, -177633700833382.7, -308460.13796005264, 780913.2891246994, 4.9494500138159297e+27], [663310422725676.0, -1290696407249238.0, -177633700833382.66, 1.762373734403774e+23, 182114320142771.88, -774355838333228.1, -4.23556579574966e+37], [2918834.776386533, -1297922.3108012574, -308460.13796005264, 182114320142771.88, 404393.97181107197, -808459.8843466316, -6.50176514871244e+28], [-2985232.537681117, 5683703.67362347, 780913.2891246995, -774355838333228.1, -808459.8843466315, 3468075.5560632213, 1.8639750228763587e+29], [8.868005702122102e+28, 1.1643479048135818e+29, 4.949450013815925e+27, -4.2355657957496595e+37, -6.50176514871244e+28, 1.8639750228763584e+29, 1.4098195176930871e+52]]
sigma_dmb
from cov matrix =
5.578649831552726e-26
2-sigma =
8.680971194580568e-26