n-power=
0
dm_mass=
1000
stepsize =
5.636765862528908e-26
fisher matrix =
[[284377286.72229683, -61111739.97848561, -18903101.7183825, 659035207608472.6, 2920622.7412721864, -2985218.817921303, 9.67838732762928e+25], [-61111739.97848561, 33698251.599707045, 7554156.015874816, -1283699460265280.8, -1303214.3461170702, 5683680.867815896, 1.529331358116688e+26], [-18903101.7183825, 7554156.015874814, 1960538.6689072843, -178138296989380.5, -308013.71297867515, 780914.9433835647, 1.0464612376733937e+25], [659035207608472.5, -1283699460265280.5, -178138296989380.5, 1.765702646382906e+23, 181792419590992.0, -774356933770897.8, -4.820086412674365e+34], [2920622.7412721864, -1303214.3461170702, -308013.7129786752, 181792419590992.03, 405041.79634023824, -808458.7752435027, -7.121700263761278e+25], [-2985218.817921303, 5683680.867815897, 780914.9433835647, -774356933770897.8, -808458.7752435027, 3468075.559675429, 2.115189052849835e+26], [9.678387327629275e+25, 1.5293313581166877e+26, 1.0464612376733928e+25, -4.820086412674366e+34, -7.121700263761279e+25, 2.1151890528498352e+26, 1.7373104753654213e+46]]
sigma_dmb
from cov matrix =
4.578892525318549e-23
2-sigma =
7.12771583798732e-23