n-power=
0.0
dm_mass=
100.0
stepsize =
3.990524629937759e-26
fisher matrix =
[[288513283.3155446, -62339813.45384248, -18880812.548323583, 738827545577765.5, 3111475.8544220594, -3305891.4002736025, 2.949289523255718e+26], [-62339813.45384248, 34217853.671669096, 7591472.290584558, -1303275738007589.8, -1321451.14878883, 5727488.511691988, -5.630547010885251e+25], [-18880812.548323583, 7591472.290584558, 1928507.9520240969, -177048396680976.94, -308534.5714632121, 776791.6234320917, -7.078961917140039e+25], [738827545577765.4, -1303275738007589.2, -177048396680976.94, 1.777531195945265e+23, 184105800417849.78, -779548320177615.1, -1.4508622433487427e+35], [3111475.8544220594, -1321451.14878883, -308534.5714632121, 184105800417849.78, 407942.0728714201, -814909.0430604813, -2.5671878040915466e+26], [-3305891.4002736015, 5727488.5116919875, 776791.6234320917, -779548320177615.1, -814909.0430604815, 3490380.073714657, 6.372046763819796e+26], [2.9492895232557146e+26, -5.630547010885251e+25, -7.078961917140039e+25, -1.4508622433487427e+35, -2.567187804091546e+26, 6.372046763819796e+26, 2.3343368969110503e+47]]
sigma_dmeff
from cov matrix =
9.607829900987114e-24
2-sigma =
1.4953224456174865e-23
