n-power=
0.0
dm_mass=
10.0
stepsize =
2.8250750892455087e-26
fisher matrix =
[[288513283.3155446, -62339813.45384248, -18880812.548323583, 738827545577765.5, 3111475.8544220594, -3305891.4002736025, 2.066322732797568e+27], [-62339813.45384248, 34217853.671669096, 7591472.290584558, -1303275738007589.8, -1321451.14878883, 5727488.511691988, -3.30088572592158e+26], [-18880812.548323583, 7591472.290584558, 1928507.9520240969, -177048396680976.94, -308534.5714632121, 776791.6234320917, -6.017745374097841e+26], [738827545577765.4, -1303275738007589.2, -177048396680976.94, 1.777531195945265e+23, 184105800417849.78, -779548320177615.1, -1.350354863928928e+36], [3111475.8544220594, -1321451.14878883, -308534.5714632121, 184105800417849.78, 407942.0728714201, -814909.0430604813, -2.3834907489785896e+27], [-3305891.4002736015, 5727488.5116919875, 776791.6234320917, -779548320177615.1, -814909.0430604815, 3490380.073714657, 5.930632324800024e+27], [2.066322732797568e+27, -3.30088572592158e+26, -6.017745374097838e+26, -1.350354863928928e+36, -2.383490748978589e+27, 5.930632324800024e+27, 1.9795140098971355e+49]]
sigma_dmeff
from cov matrix =
1.1857165803777779e-24
2-sigma =
1.8441698242579604e-24
