n-power=
0
dm_mass=
1e-05
stepsize =
2e-27
fisher matrix =
[[284377286.72229683, -61111739.97848561, -18903101.7183825, 659035207608472.6, 2920622.7412721864, -2985218.817921303, 1.117418554645142e+30], [-61111739.97848561, 33698251.599707045, 7554156.015874816, -1283699460265280.8, -1303214.3461170702, 5683680.867815896, -7.34265262312028e+29], [-18903101.7183825, 7554156.015874814, 1960538.6689072843, -178138296989380.5, -308013.71297867515, 780914.9433835647, -1.584091331025559e+29], [659035207608472.5, -1283699460265280.5, -178138296989380.5, 1.765702646382906e+23, 181792419590992.0, -774356933770897.8, 2.1260246490930847e+37], [2920622.7412721864, -1303214.3461170702, -308013.7129786752, 181792419590992.03, 405041.79634023824, -808458.7752435027, 1.500341395011949e+28], [-2985218.817921303, 5683680.867815897, 780914.9433835647, -774356933770897.8, -808458.7752435027, 3468075.559675429, -9.62241501558861e+28], [1.117418554645142e+30, -7.34265262312028e+29, -1.584091331025559e+29, 2.1260246490930847e+37, 1.500341395011949e+28, -9.62241501558861e+28, 2.2624980557039623e+52]]
sigma_dmb
from cov matrix =
1.3634909125546718e-26
2-sigma =
