n-power=
0
dm_mass=
1
stepsize =
2e-26
fisher matrix =
[[284305362.34122974, -61011380.79661474, -18909870.63770958, 663310422725675.9, 2918834.7763865334, -2985232.5376811167, 3.12674218460822e+28], [-61011380.79661473, 33544652.913486823, 7564943.644878147, -1290696407249238.0, -1297922.3108012574, 5683703.67362347, 7.360750428807941e+28], [-18909870.63770958, 7564943.644878147, 1959768.6381527386, -177633700833382.7, -308460.13796005264, 780913.2891246994, 4.7917535782905533e+27], [663310422725676.0, -1290696407249238.0, -177633700833382.66, 1.762373734403774e+23, 182114320142771.88, -774355838333228.1, -2.394798244615561e+37], [2918834.776386533, -1297922.3108012574, -308460.13796005264, 182114320142771.88, 404393.97181107197, -808459.8843466316, -3.6712886357232053e+28], [-2985232.537681117, 5683703.67362347, 780913.2891246995, -774355838333228.1, -808459.8843466315, 3468075.5560632213, 1.0538883661300268e+29], [3.126742184608227e+28, 7.360750428807941e+28, 4.7917535782905516e+27, -2.394798244615561e+37, -3.6712886357232053e+28, 1.0538883661300268e+29, 4.429100071734902e+51]]
sigma_dmb
from cov matrix =
1.0140912580351034e-25
2-sigma =
1.5777264631982904e-25