n-power=
0
dm_mass=
1
stepsize =
2e-26
fisher matrix =
[[282852090.4783245, -61406696.34020179, -18842903.465450678, 651584645683854.4, 2902887.644145796, -2949204.6582521745, 3.40208281393081e+28], [-61406696.34020179, 34148682.21757382, 7622975.915330334, -1293081518956353.2, -1310164.4096591165, 5716376.232838558, 7.240688879455417e+28], [-18842903.465450674, 7622975.915330333, 1961878.0401824971, -177712409563662.22, -307432.7485105262, 779974.9416542891, 4.76370231095631e+27], [651584645683854.4, -1293081518956353.2, -177712409563662.22, 1.7659617281084738e+23, 181789666505635.53, -775185747406543.1, -2.400394455721972e+37], [2902887.644145796, -1310164.4096591165, -307432.7485105262, 181789666505635.53, 404342.76919283136, -807938.1938929076, -3.6686071753516483e+28], [-2949204.6582521754, 5716376.232838558, 779974.941654289, -775185747406543.1, -807938.1938929078, 3472517.526006169, 1.0543036450154421e+29], [3.40208281393081e+28, 7.240688879455418e+28, 4.76370231095631e+27, -2.400394455721972e+37, -3.6686071753516474e+28, 1.0543036450154421e+29, 4.45474839943472e+51]]
sigma_dmb
from cov matrix =
9.719527857208601e-26
2-sigma =
1.513011494162684e-25