n-power=
0
dm_mass=
1
stepsize =
2e-26
fisher matrix =
[[284362037.19206256, -61086726.054757796, -18904912.304765932, 660235237313579.9, 2919382.78371493, -2985222.7749991296, 3.243252933438066e+28], [-61086726.054757796, 33651904.87117702, 7557647.303901125, -1286064393972441.8, -1300159.4582788798, 5683688.761948171, 7.215248871624785e+28], [-18904912.304765932, 7557647.303901124, 1960272.553235516, -177956917578802.22, -308261.1829881083, 780914.3358875404, 4.8837868347606164e+27], [660235237313579.5, -1286064393972442.0, -177956917578802.22, 1.7644623170536467e+23, 181966362220375.66, -774356517599389.9, -2.4002650720234336e+37], [2919382.7837149296, -1300159.4582788798, -308261.1829881083, 181966362220375.7, 404742.9463836094, -808459.3674487228, -3.673428116810361e+28], [-2985222.7749991287, 5683688.761948171, 780914.3358875402, -774356517599389.9, -808459.3674487228, 3468075.5582776787, 1.0538900575981742e+29], [3.243252933438066e+28, 7.215248871624785e+28, 4.883786834760616e+27, -2.4002650720234336e+37, -3.673428116810361e+28, 1.0538900575981742e+29, 4.4630135635366046e+51]]
sigma_dmb
from cov matrix =
9.49740358646131e-26
2-sigma =
1.4779752707547754e-25