n-power=
2
dm_mass=
0.001
stepsize =
3.177312938897127e-21
fisher matrix =
[[40312360224.58108, -7366609584.176529, -1401873947.8174148, 1.491573327577693e+17, 482628117.2138655, -885331362.3243467, 2.7375669723262772e+28], [-7366609584.176529, 3798357948.6697364, 215942365.4393903, 3.954022658174082e+16, 218693135.9005992, 110011232.10191569, -3.1679328676308746e+28], [-1401873947.8174148, 215942365.4393903, 105892441.6132205, -1.0290655695388452e+16, -39757253.66155561, 29283834.743676975, 1.662232256731091e+27], [1.491573327577693e+17, 3.954022658174082e+16, -1.0290655695388452e+16, 3.48994274287534e+24, 1.2954463850662194e+16, -7974749921315457.0, -7.779910868436299e+35], [482628117.2138655, 218693135.90059918, -39757253.6615556, 1.2954463850662194e+16, 54128867.473838836, -23056707.692575853, -3.854883505417182e+27], [-885331362.3243469, 110011232.10191569, 29283834.743676975, -7974749921315457.0, -23056707.692575853, 35076981.51054808, -9.303951618628183e+25], [2.7375669723262772e+28, -3.1679328676308746e+28, 1.662232256731091e+27, -7.779910868436299e+35, -3.854883505417182e+27, -9.303951618628183e+25, 4.271078779689706e+47]]
sigma_dmb
from cov matrix =
7.696783495070325e-24
2-sigma =
1.9088023067774406e-23
2-sigma zack's method =
1.1972069237713175e-23