n-power=
2
dm_mass=
0.0001
stepsize =
1e-23
fisher matrix =
[[40312360224.58108, -7366609584.176529, -1401873947.8174148, 1.491573327577693e+17, 482628117.2138655, -885331362.3243467, 7.364536551732075e+29], [-7366609584.176529, 3798357948.6697364, 215942365.4393903, 3.954022658174082e+16, 218693135.9005992, 110011232.10191569, -9.08739885384681e+29], [-1401873947.8174148, 215942365.4393903, 105892441.6132205, -1.0290655695388452e+16, -39757253.66155561, 29283834.743676975, 4.993043350661959e+28], [1.491573327577693e+17, 3.954022658174082e+16, -1.0290655695388452e+16, 3.48994274287534e+24, 1.2954463850662194e+16, -7974749921315457.0, -2.270844860989639e+37], [482628117.2138655, 218693135.90059918, -39757253.6615556, 1.2954463850662194e+16, 54128867.473838836, -23056707.692575853, -1.1446953050210801e+29], [-885331362.3243469, 110011232.10191569, 29283834.743676975, -7974749921315457.0, -23056707.692575853, 35076981.51054808, -1.0365387982514308e+27], [7.364536551732075e+29, -9.08739885384681e+29, 4.993043350661959e+28, -2.270844860989639e+37, -1.1446953050210801e+29, -1.0365387982514308e+27, 4.017023428390478e+50]]
sigma_dmb
from cov matrix =
1.5489829094225546e-25
2-sigma =
3.841477615367935e-25
2-sigma zack's method =
2.410029537834071e-25