n-power=
2
dm_mass=
100
stepsize =
1.0047545726038318e-17
fisher matrix =
[[40683583215.760025, -7587823760.72904, -1390996494.188224, 1.4353373118043928e+17, 441953346.1626357, -885118601.4627055, 1.2702428936690788e+24], [-7587823760.72904, 3790376039.0938087, 218441377.3113986, 3.941725849594056e+16, 231426210.0293548, 110071650.94545731, -1.4474208024687106e+24], [-1390996494.1882238, 218441377.3113986, 105605180.9716939, -1.022873584733278e+16, -40177212.85134383, 29257643.87207387, 8.021838675587954e+22], [1.4353373118043928e+17, 3.941725849594057e+16, -1.022873584733278e+16, 3.4899190902843307e+24, 1.329479817837205e+16, -7974186082339867.0, -3.7015571843375875e+31], [441953346.1626357, 231426210.02935487, -40177212.85134384, 1.329479817837205e+16, 57658518.16040457, -23056562.754476428, -1.9517711316775066e+23], [-885118601.4627057, 110071650.94545731, 29257643.87207387, -7974186082339867.0, -23056562.754476428, 35069103.86118678, 6.989018317587184e+20], [1.2702428936690788e+24, -1.4474208024687106e+24, 8.021838675587954e+22, -3.7015571843375875e+31, -1.9517711316775066e+23, 6.989018317587184e+20, 1.0302034915453231e+39]]
sigma_dmb
from cov matrix =
1.0774918815227474e-19
2-sigma =
2.6721798661764134e-19
2-sigma zack's method =
1.676168030026265e-19