n-power=
2
dm_mass=
10
stepsize =
2.0047489345090887e-18
fisher matrix =
[[40683583215.760025, -7587823760.72904, -1390996494.188224, 1.4353373118043928e+17, 441953346.1626357, -885118601.4627055, 1.0511796001613685e+25], [-7587823760.72904, 3790376039.0938087, 218441377.3113986, 3.941725849594056e+16, 231426210.0293548, 110071650.94545731, -1.2003984948746093e+25], [-1390996494.1882238, 218441377.3113986, 105605180.9716939, -1.022873584733278e+16, -40177212.85134383, 29257643.87207387, 6.656936548319422e+23], [1.4353373118043928e+17, 3.941725849594057e+16, -1.022873584733278e+16, 3.4899190902843307e+24, 1.329479817837205e+16, -7974186082339867.0, -3.0730033168448662e+32], [441953346.1626357, 231426210.02935487, -40177212.85134384, 1.329479817837205e+16, 57658518.16040457, -23056562.754476428, -1.6162874512800914e+24], [-885118601.4627057, 110071650.94545731, 29257643.87207387, -7974186082339867.0, -23056562.754476428, 35069103.86118678, 6.439612777502763e+21], [1.0511796001613685e+25, -1.2003984948746093e+25, 6.656936548319422e+23, -3.0730033168448662e+32, -1.6162874512800914e+24, 6.439612777502763e+21, 6.988772196019161e+40]]
sigma_dmb
from cov matrix =
1.3641228597949485e-20
2-sigma =
3.383024692291472e-20
2-sigma zack's method =
2.1211226127801044e-20