n-power=
2
dm_mass=
1e-05
stepsize =
1e-24
fisher matrix =
[[40312360224.58108, -7366609584.176529, -1401873947.8174148, 1.491573327577693e+17, 482628117.2138655, -885331362.3243467, 1.0435357384668031e+31], [-7366609584.176529, 3798357948.6697364, 215942365.4393903, 3.954022658174082e+16, 218693135.9005992, 110011232.10191569, -1.2867548846654458e+31], [-1401873947.8174148, 215942365.4393903, 105892441.6132205, -1.0290655695388452e+16, -39757253.66155561, 29283834.743676975, 7.06750921465412e+29], [1.491573327577693e+17, 3.954022658174082e+16, -1.0290655695388452e+16, 3.48994274287534e+24, 1.2954463850662194e+16, -7974749921315457.0, -3.215633529382378e+38], [482628117.2138655, 218693135.90059918, -39757253.6615556, 1.2954463850662194e+16, 54128867.473838836, -23056707.692575853, -1.6197967099066234e+30], [-885331362.3243469, 110011232.10191569, 29283834.743676975, -7974749921315457.0, -23056707.692575853, 35076981.51054808, -1.4831325933539894e+28], [1.0435357384668031e+31, -1.2867548846654458e+31, 7.06750921465412e+29, -3.215633529382378e+38, -1.6197967099066234e+30, -1.4831325933539894e+28, 8.012597481610943e+52]]
sigma_dmb
from cov matrix =
1.1122551497040696e-26
2-sigma =
2.7583927712660926e-26
2-sigma zack's method =
1.7308224731336504e-26