n-power=
2.0
dm_mass=
0.001
stepsize =
3.177312938897127e-21
fisher matrix =
[[2736283199.4857717, -778985595.7567207, -120185038.06638263, 1.122504304505587e+16, 24574952.619128216, -83105993.71418627, 2.1870204378831778e+27], [-778985595.7567207, 520774330.89424217, 31093915.181434195, 5051753345702350.0, 23317011.490936704, 17953947.49327118, -2.212828765425087e+27], [-120185038.06638259, 31093915.181434195, 14594610.25926799, -1485326948475107.8, -3999740.3385885605, 4076361.530950619, 1.1089199019455914e+26], [1.122504304505587e+16, 5051753345702351.0, -1485326948475107.8, 7.8780813142992e+23, 1866704728007795.5, -2267576237984734.0, -5.469502537084744e+34], [24574952.619128216, 23317011.490936704, -3999740.3385885605, 1866704728007795.5, 5491250.0186922895, -4289338.713471742, -2.1529969135461486e+26], [-83105993.71418627, 17953947.49327118, 4076361.530950619, -2267576237984734.5, -4289338.713471742, 9751449.471582353, -1.8204245983880672e+25], [2.1870204378831778e+27, -2.212828765425087e+27, 1.1089199019455914e+26, -5.469502537084744e+34, -2.1529969135461486e+26, -1.8204245983880672e+25, 1.6847791042915024e+46]]
sigma_dmeff
from cov matrix =
2.308050304298882e-23
2-sigma =
5.723964754661227e-23
2-sigma zack's method =
3.591132188041759e-23