n-power=
2.0
dm_mass=
0.01
stepsize =
1.5924286822139892e-20
fisher matrix =
[[2736283199.4857717, -778985595.7567207, -120185038.06638263, 1.122504304505587e+16, 24574952.619128216, -83105993.71418627, 2.226731963518703e+26], [-778985595.7567207, 520774330.89424217, 31093915.181434195, 5051753345702350.0, 23317011.490936704, 17953947.49327118, -2.3258788581806303e+26], [-120185038.06638259, 31093915.181434195, 14594610.25926799, -1485326948475107.8, -3999740.3385885605, 4076361.530950619, 1.2168117016621645e+25], [1.122504304505587e+16, 5051753345702351.0, -1485326948475107.8, 7.8780813142992e+23, 1866704728007795.5, -2267576237984734.0, -5.939487668115004e+33], [24574952.619128216, 23317011.490936704, -3999740.3385885605, 1866704728007795.5, 5491250.0186922895, -4289338.713471742, -2.3345295681956357e+25], [-83105993.71418627, 17953947.49327118, 4076361.530950619, -2267576237984734.5, -4289338.713471742, 9751449.471582353, -1.2284377141077002e+24], [2.226731963518703e+26, -2.3258788581806303e+26, 1.2168117016621645e+25, -5.939487668115004e+33, -2.3345295681956357e+25, -1.2284377141077002e+24, 1.9693445959376883e+44]]
sigma_dmeff
from cov matrix =
1.926146940910221e-22
2-sigma =
4.776844413457348e-22
2-sigma zack's method =
2.99564891821603e-22