n-power=
2.0
dm_mass=
0.1
stepsize =
7.98104925987552e-20
fisher matrix =
[[2736283199.4857717, -778985595.7567207, -120185038.06638263, 1.122504304505587e+16, 24574952.619128216, -83105993.71418627, 2.2005123866890798e+25], [-778985595.7567207, 520774330.89424217, 31093915.181434195, 5051753345702350.0, 23317011.490936704, 17953947.49327118, -2.342469762881678e+25], [-120185038.06638259, 31093915.181434195, 14594610.25926799, -1485326948475107.8, -3999740.3385885605, 4076361.530950619, 1.24847990489263e+24], [1.122504304505587e+16, 5051753345702351.0, -1485326948475107.8, 7.8780813142992e+23, 1866704728007795.5, -2267576237984734.0, -6.0818491824429656e+32], [24574952.619128216, 23317011.490936704, -3999740.3385885605, 1866704728007795.5, 5491250.0186922895, -4289338.713471742, -2.3872268729587818e+24], [-83105993.71418627, 17953947.49327118, 4076361.530950619, -2267576237984734.5, -4289338.713471742, 9751449.471582353, -8.671958468369523e+22], [2.2005123866890798e+25, -2.342469762881678e+25, 1.24847990489263e+24, -6.0818491824429656e+32, -2.3872268729587818e+24, -8.671958468369523e+22, 2.053136896340176e+42]]
sigma_dmeff
from cov matrix =
1.8057104990441423e-21
2-sigma =
4.478162037629473e-21
2-sigma zack's method =
2.8060618582901803e-21