n-power=
2
dm_mass=
1000
stepsize =
5.0357016471766674e-17
fisher matrix =
[[2737513669.268865, -779914318.2269955, -120427564.25192468, 1.1218120558518204e+16, 24570950.678117216, -83089685.04806302, 5.443115771885221e+21], [-779914318.2269953, 521320567.8122918, 31235893.664776534, 5053727344938481.0, 23315142.66291231, 17951618.820151698, -6.122042785772386e+21], [-120427564.25192468, 31235893.664776538, 14630147.108160576, -1484571443951457.8, -4000873.724578171, 4075896.2249238905, 3.3649918831146893e+20], [1.1218120558518204e+16, 5053727344938482.0, -1484571443951457.8, 7.87693825480095e+23, 1866805655351377.0, -2267428836176695.0, -1.6749755183176636e+29], [24570950.67811722, 23315142.66291231, -4000873.724578171, 1866805655351377.0, 5491475.856771744, -4289708.6322540995, -6.396460534804657e+20], [-83089685.04806302, 17951618.820151698, 4075896.2249238905, -2267428836176695.0, -4289708.6322540995, 9751426.855704302, 8.809183040982468e+18], [5.443115771885221e+21, -6.122042785772386e+21, 3.3649918831146893e+20, -1.6749755183176636e+29, -6.396460534804657e+20, 8.809183040982468e+18, 1.3663818803224483e+35]]
sigma_dmb
from cov matrix =
7.640579562071219e-18
2-sigma =
1.8948637313936623e-17
2-sigma zack's method =
