n-power=
2
dm_mass=
100
stepsize =
2.56e-17
fisher matrix =
[[2737513669.268865, -779914318.2269955, -120427564.25192468, 1.1218120558518204e+16, 24570950.678117216, -83089685.04806302, 4.549366811401726e+22], [-779914318.2269953, 521320567.8122918, 31235893.664776534, 5053727344938481.0, 23315142.66291231, 17951618.820151698, -5.140371939978157e+22], [-120427564.25192468, 31235893.664776538, 14630147.108160576, -1484571443951457.8, -4000873.724578171, 4075896.2249238905, 2.823636632314268e+21], [1.1218120558518204e+16, 5053727344938482.0, -1484571443951457.8, 7.87693825480095e+23, 1866805655351377.0, -2267428836176695.0, -1.41296391116738e+30], [24570950.67811722, 23315142.66291231, -4000873.724578171, 1866805655351377.0, 5491475.856771744, -4289708.6322540995, -5.367396543492586e+21], [-83089685.04806302, 17951618.820151698, 4075896.2249238905, -2267428836176695.0, -4289708.6322540995, 9751426.855704302, 9.795139369944506e+19], [4.549366811401726e+22, -5.140371939978157e+22, 2.823636632314268e+21, -1.41296391116738e+30, -5.367396543492586e+21, 9.795139369944506e+19, 9.479473815156605e+36]]
sigma_dmb
from cov matrix =
9.563735067980447e-19
2-sigma =
2.371806296859151e-18
2-sigma zack's method =
