n-power=
2.0
dm_mass=
10
stepsize =
2.0047489345090887e-18
fisher matrix =
[[2736283199.4857717, -778985595.7567207, -120185038.06638263, 1.122504304505587e+16, 24574952.619128216, -83105993.71418627, 3.4197824019255074e+23], [-778985595.7567207, 520774330.89424217, 31093915.181434195, 5051753345702350.0, 23317011.490936704, 17953947.49327118, -3.695338077976335e+23], [-120185038.06638259, 31093915.181434195, 14594610.25926799, -1485326948475107.8, -3999740.3385885605, 4076361.530950619, 1.9757618830778535e+22], [1.122504304505587e+16, 5051753345702351.0, -1485326948475107.8, 7.8780813142992e+23, 1866704728007795.5, -2267576237984734.0, -9.696966051344754e+30], [24574952.619128216, 23317011.490936704, -3999740.3385885605, 1866704728007795.5, 5491250.0186922895, -4289338.713471742, -3.782152636698726e+22], [-83105993.71418627, 17953947.49327118, 4076361.530950619, -2267576237984734.5, -4289338.713471742, 9751449.471582353, -9.749743722089453e+20], [3.4197824019255074e+23, -3.695338077976335e+23, 1.9757618830778535e+22, -9.696966051344754e+30, -3.782152636698726e+22, -9.749743722089453e+20, 5.0441470321605594e+38]]
sigma_dmeff
from cov matrix =
1.1873862501593003e-19
2-sigma =
2.9447179003950646e-19
2-sigma zack's method =
1.8480657635559136e-19