n-power=
2.0
dm_mass=
200
stepsize =
6.4e-18
fisher matrix =
[[2737513669.268865, -779914318.2269955, -120427564.25192468, 1.1218120558518204e+16, 24570950.678117216, -83089685.04806302, 2.788424290740955e+22], [-779914318.2269953, 521320567.8122918, 31235893.664776534, 5053727344938481.0, 23315142.66291231, 17951618.820151698, -3.1348475239437798e+22], [-120427564.25192468, 31235893.664776538, 14630147.108160576, -1484571443951457.8, -4000873.724578171, 4075896.2249238905, 1.723166714869877e+21], [1.1218120558518204e+16, 5053727344938482.0, -1484571443951457.8, 7.87693825480095e+23, 1866805655351377.0, -2267428836176695.0, -8.570661050685123e+29], [24570950.67811722, 23315142.66291231, -4000873.724578171, 1866805655351377.0, 5491475.856771744, -4289708.6322540995, -3.2756924245653345e+21], [-83089685.04806302, 17951618.820151698, 4075896.2249238905, -2267428836176695.0, -4289708.6322540995, 9751426.855704302, 4.287438802772162e+19], [2.788424290740955e+22, -3.1348475239437798e+22, 1.723166714869877e+21, -8.570661050685123e+29, -3.2756924245653345e+21, 4.287438802772163e+19, 3.591733018218923e+36]]
sigma_dmb
from cov matrix =
1.4807895471824962e-18
2-sigma =
3.672358077012591e-18
2-sigma zack's method =
