n-power=
2
dm_mass=
0.1
stepsize =
7.98104925987552e-20
fisher matrix =
[[89053004059.43597, -14934039028.019135, -2940885090.4300942, 2.802243714152171e+17, 1439387238.7181916, -1829765163.669855, 7.343175424404972e+25], [-14934039028.019136, 7723175693.371375, 409376095.52209485, 1.6377879465343898e+17, -231079982.89906472, 209106563.68674743, -3.692545997572184e+25], [-2940885090.4300947, 409376095.52209485, 227128763.07496467, -2.761015268097122e+16, -33869122.070339784, 55579902.966959886, 3.559263427529575e+23], [2.802243714152171e+17, 1.6377879465343898e+17, -2.761015268097122e+16, 1.3049938450145515e+25, 2050827282586949.5, -1.457540694673369e+16, -7.515774783158797e+32], [1439387238.7181916, -231079982.89906472, -33869122.070339784, 2050827282586948.8, 60118198.784814075, -42876207.81991908, -7.159839700544757e+23], [-1829765163.669855, 209106563.68674743, 55579902.966959886, -1.457540694673369e+16, -42876207.81991908, 64308617.49249772, -1.1866676884214402e+24], [7.343175424404972e+25, -3.692545997572184e+25, 3.559263427529575e+23, -7.515774783158797e+32, -7.159839700544757e+23, -1.1866676884214403e+24, 8.134252488425913e+41]]
sigma_dmb
from cov matrix =
1.52225380422436e-21
2-sigma =
3.775189434476413e-21
2-sigma zack's method =
2.367848597144856e-21