n-power=
2
dm_mass=
10
stepsize =
2.0047489345090887e-18
fisher matrix =
[[89053004059.43597, -14934039028.019135, -2940885090.4300942, 2.802243714152171e+17, 1439387238.7181916, -1829765163.669855, 5.98255207791172e+23], [-14934039028.019136, 7723175693.371375, 409376095.52209485, 1.6377879465343898e+17, -231079982.89906472, 209106563.68674743, -8.741975962292796e+23], [-2940885090.4300947, 409376095.52209485, 227128763.07496467, -2.761015268097122e+16, -33869122.070339784, 55579902.966959886, 4.663376984407401e+22], [2.802243714152171e+17, 1.6377879465343898e+17, -2.761015268097122e+16, 1.3049938450145515e+25, 2050827282586949.5, -1.457540694673369e+16, -3.0067002818424554e+31], [1439387238.7181916, -231079982.89906472, -33869122.070339784, 2050827282586948.8, 60118198.784814075, -42876207.81991908, -4.210085786612584e+22], [-1829765163.669855, 209106563.68674743, 55579902.966959886, -1.457540694673369e+16, -42876207.81991908, 64308617.49249772, 6.00802647360535e+21], [5.9825520779117185e+23, -8.741975962292796e+23, 4.663376984407401e+22, -3.0067002818424554e+31, -4.210085786612584e+22, 6.00802647360535e+21, 4.232825869941446e+38]]
sigma_dmb
from cov matrix =
7.444873124568714e-20
2-sigma =
1.846328534893041e-19
2-sigma zack's method =
1.1580709460826638e-19