n-power=
2
dm_mass=
1e-05
stepsize =
1e-24
fisher matrix =
[[89053004059.43597, -14934039028.019135, -2940885090.4300942, 2.802243714152171e+17, 1439387238.7181916, -1829765163.669855, 1.839529235172732e+30], [-14934039028.019136, 7723175693.371375, 409376095.52209485, 1.6377879465343898e+17, -231079982.89906472, 209106563.68674743, -7.812076607214678e+29], [-2940885090.4300947, 409376095.52209485, 227128763.07496467, -2.761015268097122e+16, -33869122.070339784, 55579902.966959886, 2.4570155778711077e+27], [2.802243714152171e+17, 1.6377879465343898e+17, -2.761015268097122e+16, 1.3049938450145515e+25, 2050827282586949.5, -1.457540694673369e+16, -1.324375653208761e+37], [1439387238.7181916, -231079982.89906472, -33869122.070339784, 2050827282586948.8, 60118198.784814075, -42876207.81991908, -1.2275838823978687e+28], [-1829765163.669855, 209106563.68674743, 55579902.966959886, -1.457540694673369e+16, -42876207.81991908, 64308617.49249772, -3.265351631340765e+28], [1.839529235172732e+30, -7.812076607214678e+29, 2.457015577871107e+27, -1.324375653208761e+37, -1.2275838823978687e+28, -3.265351631340765e+28, 4.782540132373724e+50]]
sigma_dmb
from cov matrix =
5.857468630865367e-26
2-sigma =
1.452652220454611e-25
2-sigma zack's method =
