n-power=
2
dm_mass=
1
stepsize =
4e-19
fisher matrix =
[[89053004059.43597, -14934039028.019135, -2940885090.4300942, 2.802243714152171e+17, 1439387238.7181916, -1829765163.669855, 6.176421962007739e+24], [-14934039028.019136, 7723175693.371375, 409376095.52209485, 1.6377879465343898e+17, -231079982.89906472, 209106563.68674743, -6.148970271012398e+24], [-2940885090.4300947, 409376095.52209485, 227128763.07496467, -2.761015268097122e+16, -33869122.070339784, 55579902.966959886, 2.608943423424633e+23], [2.802243714152171e+17, 1.6377879465343898e+17, -2.761015268097122e+16, 1.3049938450145515e+25, 2050827282586949.5, -1.457540694673369e+16, -1.9001026192341704e+32], [1439387238.7181916, -231079982.89906472, -33869122.070339784, 2050827282586948.8, 60118198.784814075, -42876207.81991908, -2.5235913121729034e+23], [-1829765163.669855, 209106563.68674743, 55579902.966959886, -1.457540694673369e+16, -42876207.81991908, 64308617.49249772, -1.726748952111834e+22], [6.176421962007739e+24, -6.148970271012398e+24, 2.608943423424633e+23, -1.9001026192341704e+32, -2.5235913121729034e+23, -1.7267489521118344e+22, 2.1008663580647335e+40]]
sigma_dmb
from cov matrix =
1.0219832265089224e-20
2-sigma =
2.5345184017421275e-20
2-sigma zack's method =
1.589208325146189e-20