n-power=
-4
dm_mass=
0.001
stepsize =
2.5e-43
fisher matrix =
[[3584147641.2863207, -1800433734.8818953, -88668523.67609839, -1.5657911380126016e+16, -94903788.1324267, -72055595.60349812, 3.391006567530932e+47], [-1800433734.8818953, 1750787881.9506576, -29201887.856971662, 3.5953828320539868e+16, 176067015.4240997, 16563574.933011431, -4.79974983586657e+47], [-88668523.67609839, -29201887.856971655, 20247033.28831126, -3066566765812936.5, -12649776.88391743, 3649638.1059464784, 2.9240539183448103e+46], [-1.5657911380126016e+16, 3.5953828320539868e+16, -3066566765812936.5, 1.4418250451910467e+24, 5585324937608545.0, -1801522690384533.0, -1.3853687103145525e+55], [-94903788.1324267, 176067015.4240997, -12649776.88391743, 5585324937608545.0, 24887173.29381523, -3686809.974521073, -6.247936291556732e+46], [-72055595.6034981, 16563574.933011431, 3649638.1059464784, -1801522690384533.0, -3686809.974521073, 7917801.968955774, 5.627826600859038e+45], [3.391006567530932e+47, -4.79974983586657e+47, 2.9240539183448103e+46, -1.3853687103145525e+55, -6.247936291556732e+46, 5.627826600859038e+45, 1.6111016817426433e+86]]
sigma_dmb
from cov matrix =
1.7746726279318954e-42
2-sigma =
4.4011881172711006e-42
2-sigma zack's method =
2.7620667073078426e-42