n-power=
-4
dm_mass=
0.01
stepsize =
1.6e-42
fisher matrix =
[[3584147641.2863207, -1800433734.8818953, -88668523.67609839, -1.5657911380126016e+16, -94903788.1324267, -72055595.60349812, 3.322171969658235e+47], [-1800433734.8818953, 1750787881.9506576, -29201887.856971662, 3.5953828320539868e+16, 176067015.4240997, 16563574.933011431, -4.716335102607589e+47], [-88668523.67609839, -29201887.856971655, 20247033.28831126, -3066566765812936.5, -12649776.88391743, 3649638.1059464784, 2.8778182737827954e+46], [-1.5657911380126016e+16, 3.5953828320539868e+16, -3066566765812936.5, 1.4418250451910467e+24, 5585324937608545.0, -1801522690384533.0, -1.3631152544225965e+55], [-94903788.1324267, 176067015.4240997, -12649776.88391743, 5585324937608545.0, 24887173.29381523, -3686809.974521073, -6.144615135405838e+46], [-72055595.6034981, 16563574.933011431, 3649638.1059464784, -1801522690384533.0, -3686809.974521073, 7917801.968955774, 5.5925618112303554e+45], [3.322171969658235e+47, -4.716335102607589e+47, 2.8778182737827954e+46, -1.3631152544225965e+55, -6.144615135405838e+46, 5.5925618112303554e+45, 1.5573213638383904e+86]]
sigma_dmb
from cov matrix =
1.8219964595268002e-42
2-sigma =
4.5185512196264646e-42
2-sigma zack's method =
2.8326046755653292e-42