n-power=
-4
dm_mass=
0.1
stepsize =
5e-43
fisher matrix =
[[3584147641.2863207, -1800433734.8818953, -88668523.67609839, -1.5657911380126016e+16, -94903788.1324267, -72055595.60349812, 3.0594349221950978e+47], [-1800433734.8818953, 1750787881.9506576, -29201887.856971662, 3.5953828320539868e+16, 176067015.4240997, 16563574.933011431, -4.336937128473534e+47], [-88668523.67609839, -29201887.856971655, 20247033.28831126, -3066566765812936.5, -12649776.88391743, 3649638.1059464784, 2.644121619208951e+46], [-1.5657911380126016e+16, 3.5953828320539868e+16, -3066566765812936.5, 1.4418250451910467e+24, 5585324937608545.0, -1801522690384533.0, -1.2526572625151922e+55], [-94903788.1324267, 176067015.4240997, -12649776.88391743, 5585324937608545.0, 24887173.29381523, -3686809.974521073, -5.648024541554111e+46], [-72055595.6034981, 16563574.933011431, 3649638.1059464784, -1801522690384533.0, -3686809.974521073, 7917801.968955774, 5.1162169726336985e+45], [3.0594349221950986e+47, -4.336937128473534e+47, 2.644121619208951e+46, -1.2526572625151922e+55, -5.648024541554111e+46, 5.1162169726336985e+45, 1.3161523503131308e+86]]
sigma_dmb
from cov matrix =
1.9709464442338682e-42
2-sigma =
4.8879471816999934e-42
2-sigma zack's method =
3.0649644540405234e-42