n-power=
-4
dm_mass=
1000
stepsize =
1e-39
fisher matrix =
[[3584147641.2863207, -1800433734.8818953, -88668523.67609839, -1.5657911380126016e+16, -94903788.1324267, -72055595.60349812, 3.1718274424161498e+44], [-1800433734.8818953, 1750787881.9506576, -29201887.856971662, 3.5953828320539868e+16, 176067015.4240997, 16563574.933011431, -4.498696272067258e+44], [-88668523.67609839, -29201887.856971655, 20247033.28831126, -3066566765812936.5, -12649776.88391743, 3649638.1059464784, 2.7431675124587007e+43], [-1.5657911380126016e+16, 3.5953828320539868e+16, -3066566765812936.5, 1.4418250451910467e+24, 5585324937608545.0, -1801522690384533.0, -1.2995168547425375e+52], [-94903788.1324267, 176067015.4240997, -12649776.88391743, 5585324937608545.0, 24887173.29381523, -3686809.974521073, -5.859294106444781e+43], [-72055595.6034981, 16563574.933011431, 3649638.1059464784, -1801522690384533.0, -3686809.974521073, 7917801.968955774, 5.31160796416917e+42], [3.1718274424161498e+44, -4.498696272067258e+44, 2.7431675124587007e+43, -1.2995168547425375e+52, -5.859294106444781e+43, 5.31160796416917e+42, 1.4163073738138297e+80]]
sigma_dmb
from cov matrix =
1.9039052351650512e-39
2-sigma =
4.721684983209327e-39
2-sigma zack's method =
2.96079083775072e-39