n-power=
-4
dm_mass=
1000
stepsize =
1e-39
fisher matrix =
[[25889116232015.94, -4142103985853.826, -1174320697523.5164, 1.3798802661011823e+20, 501147261091.1609, -607369939459.8015, -4.756333631928481e+47], [-4142103985853.8267, 664064528640.9474, 187816878335.97644, -2.2035418228992684e+19, -79982851077.14984, 97140939944.1797, 7.566628675867393e+46], [-1174320697523.5164, 187816878335.97644, 53296058070.83382, -6.262898503865866e+18, -22749991598.749367, 27550073181.773567, 2.1618017617424178e+46], [1.3798802661011823e+20, -2.2035418228992684e+19, -6.262898503865866e+18, 7.373631545314234e+26, 2.678631115707918e+18, -3.240207634951248e+18, -2.5514725933615926e+54], [501147261091.1609, -79982851077.14983, -22749991598.749367, 2.678631115707918e+18, 9735126813.407946, -11765465798.958294, -9.281377208353508e+45], [-607369939459.8015, 97140939944.1797, 27550073181.773567, -3.240207634951248e+18, -11765465798.958292, 14258582771.85994, 1.1174812327723876e+46], [-4.756333631928481e+47, 7.566628675867392e+46, 2.1618017617424173e+46, -2.551472593361592e+54, -9.281377208353508e+45, 1.1174812327723875e+46, 8.902089446652638e+81]]
sigma_dmb
from cov matrix =
1.4321044762371576e-39
2-sigma =
3.551619101068151e-39
2-sigma zack's method =
2.2277444959367907e-39