n-power=
-4
dm_mass=
10
stepsize =
8e-42
fisher matrix =
[[3584147641.2863207, -1800433734.8818953, -88668523.67609839, -1.5657911380126016e+16, -94903788.1324267, -72055595.60349812, 2.9033932350895465e+46], [-1800433734.8818953, 1750787881.9506576, -29201887.856971662, 3.5953828320539868e+16, 176067015.4240997, 16563574.933011431, -4.118954449068606e+46], [-88668523.67609839, -29201887.856971655, 20247033.28831126, -3066566765812936.5, -12649776.88391743, 3649638.1059464784, 2.512150285420324e+45], [-1.5657911380126016e+16, 3.5953828320539868e+16, -3066566765812936.5, 1.4418250451910467e+24, 5585324937608545.0, -1801522690384533.0, -1.1898407086053814e+54], [-94903788.1324267, 176067015.4240997, -12649776.88391743, 5585324937608545.0, 24887173.29381523, -3686809.974521073, -5.364985696377904e+45], [-72055595.6034981, 16563574.933011431, 3649638.1059464784, -1801522690384533.0, -3686809.974521073, 7917801.968955774, 4.86251098497438e+44], [2.9033932350895465e+46, -4.118954449068606e+46, 2.512150285420324e+45, -1.1898407086053814e+54, -5.364985696377904e+45, 4.862510984974379e+44, 1.1873802584482668e+84]]
sigma_dmb
from cov matrix =
2.078568890694417e-41
2-sigma =
5.154850848922154e-41
2-sigma zack's method =
3.235033358139441e-41