n-power=
-4
dm_mass=
1
stepsize =
8e-43
fisher matrix =
[[3584147641.2863207, -1800433734.8818953, -88668523.67609839, -1.5657911380126016e+16, -94903788.1324267, -72055595.60349812, 1.6408997476581969e+47], [-1800433734.8818953, 1750787881.9506576, -29201887.856971662, 3.5953828320539868e+16, 176067015.4240997, 16563574.933011431, -2.325679461024709e+47], [-88668523.67609839, -29201887.856971655, 20247033.28831126, -3066566765812936.5, -12649776.88391743, 3649638.1059464784, 1.417403498252106e+46], [-1.5657911380126016e+16, 3.5953828320539868e+16, -3066566765812936.5, 1.4418250451910467e+24, 5585324937608545.0, -1801522690384533.0, -6.714700596305868e+54], [-94903788.1324267, 176067015.4240997, -12649776.88391743, 5585324937608545.0, 24887173.29381523, -3686809.974521073, -3.028152467253131e+46], [-72055595.6034981, 16563574.933011431, 3649638.1059464784, -1801522690384533.0, -3686809.974521073, 7917801.968955774, 2.734045687117973e+45], [1.6408997476581969e+47, -2.325679461024709e+47, 1.417403498252106e+46, -6.714700596305868e+54, -3.028152467253131e+46, 2.734045687117973e+45, 3.783595471230981e+85]]
sigma_dmb
from cov matrix =
3.665725886668565e-42
2-sigma =
9.091000198938041e-42
2-sigma zack's method =
5.699745243216461e-42