n-power=
-4
dm_mass=
1
stepsize =
8e-43
fisher matrix =
[[25889116232015.94, -4142103985853.826, -1174320697523.5164, 1.3798802661011823e+20, 501147261091.1609, -607369939459.8015, -2.4731206884452394e+50], [-4142103985853.8267, 664064528640.9474, 187816878335.97644, -2.2035418228992684e+19, -79982851077.14984, 97140939944.1797, 3.9344960750288703e+49], [-1174320697523.5164, 187816878335.97644, 53296058070.83382, -6.262898503865866e+18, -22749991598.749367, 27550073181.773567, 1.1240462884423788e+49], [1.3798802661011823e+20, -2.2035418228992684e+19, -6.262898503865866e+18, 7.373631545314234e+26, 2.678631115707918e+18, -3.240207634951248e+18, -1.3266224878815877e+57], [501147261091.1609, -79982851077.14983, -22749991598.749367, 2.678631115707918e+18, 9735126813.407946, -11765465798.958294, -4.825758816086172e+48], [-607369939459.8015, 97140939944.1797, 27550073181.773567, -3.240207634951248e+18, -11765465798.958292, 14258582771.85994, 5.810433270263905e+48], [-2.4731206884452394e+50, 3.934496075028871e+49, 1.1240462884423791e+49, -1.3266224878815877e+57, -4.825758816086171e+48, 5.810433270263905e+48, 2.406292807442852e+87]]
sigma_dmb
from cov matrix =
2.7444153252599984e-42
2-sigma =
6.806150006644796e-42
2-sigma zack's method =
