n-power=
0
dm_mass=
0.0001
stepsize =
2e-27
fisher matrix =
[[283869463.56835717, -60997278.374325596, -18912236.779917523, 654900329180176.6, 2957046.9997130386, -2893012.967788466, 5.026975719119157e+29], [-60997278.374325596, 33585936.82840459, 7561974.710442033, -1281397800119914.0, -1309309.6225795136, 5654817.8806241, -3.667613479454971e+29], [-18912236.779917523, 7561974.710442033, 1960245.5749461956, -179192483598174.44, -305893.4223233945, 787374.855131063, -7.768535850074089e+28], [654900329180176.8, -1281397800119914.0, -179192483598174.47, 1.7553844158620006e+23, 185714510616030.97, -771430396932691.0, 1.2666098575704292e+37], [2957046.9997130386, -1309309.6225795136, -305893.4223233945, 185714510616030.97, 388061.2815816893, -818252.6267549085, 9.647008998301515e+27], [-2893012.9677884667, 5654817.8806241, 787374.855131063, -771430396932690.9, -818252.6267549086, 3393692.4900117232, -5.660999700200053e+28], [5.026975719119157e+29, -3.667613479454971e+29, -7.768535850074087e+28, 1.266609857570429e+37, 9.647008998301515e+27, -5.660999700200054e+28, 5.123871396601678e+51]]
sigma_dmb
from cov matrix =
3.611216135089269e-26
2-sigma =
