n-power=
0
dm_mass=
0.001
stepsize =
7.09626778467151e-27
fisher matrix =
[[283869463.56835717, -60997278.374325596, -18912236.779917523, 654900329180176.6, 2957046.9997130386, -2893012.967788466, 3.3736450107558e+29], [-60997278.374325596, 33585936.82840459, 7561974.710442033, -1281397800119914.0, -1309309.6225795136, 5654817.8806241, -2.37135004951252e+29], [-18912236.779917523, 7561974.710442033, 1960245.5749461956, -179192483598174.44, -305893.4223233945, 787374.855131063, -5.20428326563378e+28], [654900329180176.8, -1281397800119914.0, -179192483598174.47, 1.7553844158620006e+23, 185714510616030.97, -771430396932691.0, 3.494478399445185e+36], [2957046.9997130386, -1309309.6225795136, -305893.4223233945, 185714510616030.97, 388061.2815816893, -818252.6267549085, -1.9365314654671755e+27], [-2893012.9677884667, 5654817.8806241, 787374.855131063, -771430396932690.9, -818252.6267549086, 3393692.4900117232, -1.6011870912613485e+28], [3.3736450107558e+29, -2.37135004951252e+29, -5.20428326563378e+28, 3.494478399445185e+36, -1.9365314654671744e+27, -1.6011870912613485e+28, 2.6003797048821876e+51]]
sigma_dmb
from cov matrix =
5.031584622559767e-26
2-sigma =
