n-power=
0
dm_mass=
0.0001
stepsize =
2e-27
fisher matrix =
[[334575.508397078, -93091.3484843993, 6716.857322845177, 10043504880910.682, -33146.24175880618, -113658.33044742532, 3.7984115168283446e+26], [-93091.3484843993, 36880.126594313326, -2298.5929317732102, -2899122570641.7554, 10869.702261225888, 21421.548667525785, -1.970567376247388e+26], [6716.857322845177, -2298.5929317732107, 1076.8240604870093, 651167780612.0796, -2965.884780412927, -3755.0378597785266, 1.9676438032665725e+25], [10043504880910.682, -2899122570641.7554, 651167780612.0796, 9.033281405086142e+20, -3754667593147.7153, -2983488874610.942, 1.522552210946885e+34], [-33146.24175880618, 10869.702261225888, -2965.884780412927, -3754667593147.7153, 16664.90054540058, 9728.622717154847, -6.577968041278405e+25], [-113658.33044742531, 21421.54866752579, -3755.037859778526, -2983488874610.942, 9728.622717154847, 75008.55489457533, -8.304127896293864e+25], [3.7984115168283446e+26, -1.970567376247388e+26, 1.9676438032665725e+25, 1.522552210946885e+34, -6.577968041278405e+25, -8.304127896293864e+25, 1.5886277264546776e+48]]
sigma_dmb
from cov matrix =
1.8523036447398058e-24
2-sigma =
