n-power=
0
dm_mass=
0.001
stepsize =
7.09626778467151e-27
fisher matrix =
[[334575.508397078, -93091.3484843993, 6716.857322845177, 10043504880910.682, -33146.24175880618, -113658.33044742532, 3.0620663664942864e+26], [-93091.3484843993, 36880.126594313326, -2298.5929317732102, -2899122570641.7554, 10869.702261225888, 21421.548667525785, -1.546990508016208e+26], [6716.857322845177, -2298.5929317732107, 1076.8240604870093, 651167780612.0796, -2965.884780412927, -3755.0378597785266, 1.5702284814340196e+25], [10043504880910.682, -2899122570641.7554, 651167780612.0796, 9.033281405086142e+20, -3754667593147.7153, -2983488874610.942, 1.2711534327381087e+34], [-33146.24175880618, 10869.702261225888, -2965.884780412927, -3754667593147.7153, 16664.90054540058, 9728.622717154847, -5.427541516221729e+25], [-113658.33044742531, 21421.54866752579, -3755.037859778526, -2983488874610.942, 9728.622717154847, 75008.55489457533, -6.7636353317368525e+25], [3.0620663664942864e+26, -1.546990508016208e+26, 1.5702284814340196e+25, 1.2711534327381087e+34, -5.427541516221729e+25, -6.763635331736854e+25, 9.547941700288066e+47]]
sigma_dmb
from cov matrix =
2.4308458500361217e-24
2-sigma =
