n-power=
0
dm_mass=
0.01
stepsize =
1.0023744672545445e-26
fisher matrix =
[[334575.508397078, -93091.3484843993, 6716.857322845177, 10043504880910.682, -33146.24175880618, -113658.33044742532, 2.3256548121266007e+26], [-93091.3484843993, 36880.126594313326, -2298.5929317732102, -2899122570641.7554, 10869.702261225888, 21421.548667525785, -1.1268437251721341e+26], [6716.857322845177, -2298.5929317732107, 1076.8240604870093, 651167780612.0796, -2965.884780412927, -3755.0378597785266, 1.1851347558672194e+25], [10043504880910.682, -2899122570641.7554, 651167780612.0796, 9.033281405086142e+20, -3754667593147.7153, -2983488874610.942, 1.0211162624076415e+34], [-33146.24175880618, 10869.702261225888, -2965.884780412927, -3754667593147.7153, 16664.90054540058, 9728.622717154847, -4.293008301237573e+25], [-113658.33044742531, 21421.54866752579, -3755.037859778526, -2983488874610.942, 9728.622717154847, 75008.55489457533, -5.238301411477797e+25], [2.3256548121266007e+26, -1.1268437251721341e+26, 1.1851347558672194e+25, 1.0211162624076415e+34, -4.293008301237573e+25, -5.238301411477797e+25, 4.8966828118075646e+47]]
sigma_dmb
from cov matrix =
3.521366897387668e-24
2-sigma =
