n-power=
0
dm_mass=
0.1
stepsize =
1.415891568768276e-26
fisher matrix =
[[283869463.56835717, -60997278.374325596, -18912236.779917523, 654900329180176.6, 2957046.9997130386, -2893012.967788466, 7.4704009861415355e+28], [-60997278.374325596, 33585936.82840459, 7561974.710442033, -1281397800119914.0, -1309309.6225795136, 5654817.8806241, -3.1622374790235372e+28], [-18912236.779917523, 7561974.710442033, 1960245.5749461956, -179192483598174.44, -305893.4223233945, 787374.855131063, -1.158737961162952e+28], [654900329180176.8, -1281397800119914.0, -179192483598174.47, 1.7553844158620006e+23, 185714510616030.97, -771430396932691.0, -1.1737504157005268e+37], [2957046.9997130386, -1309309.6225795136, -305893.4223233945, 185714510616030.97, 388061.2815816893, -818252.6267549085, -2.131691567728922e+28], [-2893012.9677884667, 5654817.8806241, 787374.855131063, -771430396932690.9, -818252.6267549086, 3393692.4900117232, 5.137088040299137e+28], [7.470400986141532e+28, -3.1622374790235372e+28, -1.158737961162952e+28, -1.1737504157005265e+37, -2.131691567728922e+28, 5.137088040299137e+28, 1.8586274309264432e+51]]
sigma_dmb
from cov matrix =
1.0847627601096982e-25
2-sigma =
