n-power=
0
dm_mass=
0.1
stepsize =
1.415891568768276e-26
fisher matrix =
[[334575.508397078, -93091.3484843993, 6716.857322845177, 10043504880910.682, -33146.24175880618, -113658.33044742532, 1.8972204512383427e+26], [-93091.3484843993, 36880.126594313326, -2298.5929317732102, -2899122570641.7554, 10869.702261225888, 21421.548667525785, -8.914077385478778e+25], [6716.857322845177, -2298.5929317732107, 1076.8240604870093, 651167780612.0796, -2965.884780412927, -3755.0378597785266, 9.581593613143487e+24], [10043504880910.682, -2899122570641.7554, 651167780612.0796, 9.033281405086142e+20, -3754667593147.7153, -2983488874610.942, 8.632131826727877e+33], [-33146.24175880618, 10869.702261225888, -2965.884780412927, -3754667593147.7153, 16664.90054540058, 9728.622717154847, -3.5904226495249724e+25], [-113658.33044742531, 21421.54866752579, -3755.037859778526, -2983488874610.942, 9728.622717154847, 75008.55489457533, -4.3234298870496505e+25], [1.8972204512383427e+26, -8.914077385478778e+25, 9.58159361314349e+24, 8.632131826727878e+33, -3.5904226495249724e+25, -4.3234298870496505e+25, 2.9997693626277936e+47]]
sigma_dmb
from cov matrix =
4.6387697583433614e-24
2-sigma =
