n-power=
0
dm_mass=
1000
stepsize =
5.636765862528908e-26
fisher matrix =
[[283869463.56835717, -60997278.374325596, -18912236.779917523, 654900329180176.6, 2957046.9997130386, -2893012.967788466, 8.470657299013423e+25], [-60997278.374325596, 33585936.82840459, 7561974.710442033, -1281397800119914.0, -1309309.6225795136, 5654817.8806241, 1.0209110505782137e+25], [-18912236.779917523, 7561974.710442033, 1960245.5749461956, -179192483598174.44, -305893.4223233945, 787374.855131063, -6.300838261152169e+24], [654900329180176.8, -1281397800119914.0, -179192483598174.47, 1.7553844158620006e+23, 185714510616030.97, -771430396932691.0, -1.7231820168835056e+34], [2957046.9997130386, -1309309.6225795136, -305893.4223233945, 185714510616030.97, 388061.2815816893, -818252.6267549085, -2.650935650828141e+25], [-2893012.9677884667, 5654817.8806241, 787374.855131063, -771430396932690.9, -818252.6267549086, 3393692.4900117232, 7.557051221135276e+25], [8.470657299013424e+25, 1.0209110505782124e+25, -6.30083826115217e+24, -1.7231820168835056e+34, -2.650935650828141e+25, 7.557051221135276e+25, 3.063565603716443e+45]]
sigma_dmb
from cov matrix =
4.593069495456597e-23
2-sigma =
