n-power=
0
dm_mass=
1000
stepsize =
5.636765862528908e-26
fisher matrix =
[[334575.508397078, -93091.3484843993, 6716.857322845177, 10043504880910.682, -33146.24175880618, -113658.33044742532, 1.7032697541996718e+23], [-93091.3484843993, 36880.126594313326, -2298.5929317732102, -2899122570641.7554, 10869.702261225888, 21421.548667525785, -8.148294144491481e+22], [6716.857322845177, -2298.5929317732107, 1076.8240604870093, 651167780612.0796, -2965.884780412927, -3755.0378597785266, 8.498852541069306e+21], [10043504880910.682, -2899122570641.7554, 651167780612.0796, 9.033281405086142e+20, -3754667593147.7153, -2983488874610.942, 7.392101008563673e+30], [-33146.24175880618, 10869.702261225888, -2965.884780412927, -3754667593147.7153, 16664.90054540058, 9728.622717154847, -3.0773829037493907e+22], [-113658.33044742531, 21421.54866752579, -3755.037859778526, -2983488874610.942, 9728.622717154847, 75008.55489457533, -3.7823129587436675e+22], [1.7032697541996718e+23, -8.148294144491481e+22, 8.498852541069306e+21, 7.392101008563673e+30, -3.0773829037493907e+22, -3.7823129587436675e+22, 2.5381423874171554e+41]]
sigma_dmb
from cov matrix =
4.850432501335075e-21
2-sigma =
