n-power=
0
dm_mass=
100
stepsize =
3.990524629937759e-26
fisher matrix =
[[283869463.56835717, -60997278.374325596, -18912236.779917523, 654900329180176.6, 2957046.9997130386, -2893012.967788466, 7.204642555133149e+26], [-60997278.374325596, 33585936.82840459, 7561974.710442033, -1281397800119914.0, -1309309.6225795136, 5654817.8806241, -1.0158908411679601e+26], [-18912236.779917523, 7561974.710442033, 1960245.5749461956, -179192483598174.44, -305893.4223233945, 787374.855131063, -8.848347685439062e+25], [654900329180176.8, -1281397800119914.0, -179192483598174.47, 1.7553844158620006e+23, 185714510616030.97, -771430396932691.0, -1.4962662608183352e+35], [2957046.9997130386, -1309309.6225795136, -305893.4223233945, 185714510616030.97, 388061.2815816893, -818252.6267549085, -2.517343207975027e+26], [-2893012.9677884667, 5654817.8806241, 787374.855131063, -771430396932690.9, -818252.6267549086, 3393692.4900117232, 6.559115743396784e+26], [7.204642555133148e+26, -1.0158908411679601e+26, -8.848347685439057e+25, -1.4962662608183354e+35, -2.517343207975027e+26, 6.559115743396784e+26, 2.40899277887796e+47]]
sigma_dmb
from cov matrix =
1.039995937218356e-23
2-sigma =
