n-power=
0
dm_mass=
1e-05
stepsize =
2e-27
fisher matrix =
[[283869463.56835717, -60997278.374325596, -18912236.779917523, 654900329180176.6, 2957046.9997130386, -2893012.967788466, 1.063564407190596e+30], [-60997278.374325596, 33585936.82840459, 7561974.710442033, -1281397800119914.0, -1309309.6225795136, 5654817.8806241, -8.269914708449499e+29], [-18912236.779917523, 7561974.710442033, 1960245.5749461956, -179192483598174.44, -305893.4223233945, 787374.855131063, -1.7002848451113833e+29], [654900329180176.8, -1281397800119914.0, -179192483598174.47, 1.7553844158620006e+23, 185714510616030.97, -771430396932691.0, 3.886945387004164e+37], [2957046.9997130386, -1309309.6225795136, -305893.4223233945, 185714510616030.97, 388061.2815816893, -818252.6267549085, 3.7633733107308025e+28], [-2893012.9677884667, 5654817.8806241, 787374.855131063, -771430396932690.9, -818252.6267549086, 3393692.4900117232, -1.7281179086325902e+29], [1.063564407190596e+30, -8.2699147084495e+29, -1.700284845111383e+29, 3.886945387004164e+37, 3.763373310730802e+28, -1.7281179086325902e+29, 2.550041163019117e+52]]
sigma_dmb
from cov matrix =
1.7216191927161436e-26
2-sigma =
