n-power=
0
dm_mass=
1e-05
stepsize =
2e-27
fisher matrix =
[[334575.508397078, -93091.3484843993, 6716.857322845177, 10043504880910.682, -33146.24175880618, -113658.33044742532, 7.130155036912262e+26], [-93091.3484843993, 36880.126594313326, -2298.5929317732102, -2899122570641.7554, 10869.702261225888, 21421.548667525785, -3.78493424149617e+26], [6716.857322845177, -2298.5929317732107, 1076.8240604870093, 651167780612.0796, -2965.884780412927, -3755.0378597785266, 3.695366466758274e+25], [10043504880910.682, -2899122570641.7554, 651167780612.0796, 9.033281405086142e+20, -3754667593147.7153, -2983488874610.942, 2.754208639799111e+34], [-33146.24175880618, 10869.702261225888, -2965.884780412927, -3754667593147.7153, 16664.90054540058, 9728.622717154847, -1.2019872599897834e+26], [-113658.33044742531, 21421.54866752579, -3755.037859778526, -2983488874610.942, 9728.622717154847, 75008.55489457533, -1.5386829049692255e+26], [7.130155036912262e+26, -3.78493424149617e+26, 3.695366466758274e+25, 2.754208639799111e+34, -1.2019872599897834e+26, -1.5386829049692255e+26, 5.991607492471461e+48]]
sigma_dmb
from cov matrix =
9.392634177792714e-25
2-sigma =
