n-power=
0
dm_mass=
1
stepsize =
2e-26
fisher matrix =
[[334575.508397078, -93091.3484843993, 6716.857322845177, 10043504880910.682, -33146.24175880618, -113658.33044742532, 9.77959273905886e+25], [-93091.3484843993, 36880.126594313326, -2298.5929317732102, -2899122570641.7554, 10869.702261225888, 21421.548667525785, -4.5295199975764145e+25], [6716.857322845177, -2298.5929317732107, 1076.8240604870093, 651167780612.0796, -2965.884780412927, -3755.0378597785266, 4.910615150880732e+24], [10043504880910.682, -2899122570641.7554, 651167780612.0796, 9.033281405086142e+20, -3754667593147.7153, -2983488874610.942, 4.518643281322873e+33], [-33146.24175880618, 10869.702261225888, -2965.884780412927, -3754667593147.7153, 16664.90054540058, 9728.622717154847, -1.8705269415462762e+25], [-113658.33044742531, 21421.54866752579, -3755.037859778526, -2983488874610.942, 9728.622717154847, 75008.55489457533, -2.2392894808055597e+25], [9.77959273905886e+25, -4.5295199975764145e+25, 4.910615150880732e+24, 4.518643281322873e+33, -1.8705269415462762e+25, -2.2392894808055597e+25, 7.676220831441217e+46]]
sigma_dmb
from cov matrix =
9.317508890677812e-24
2-sigma =
