n-power=
0
dm_mass=
1000
stepsize =
5.636765862528908e-26
fisher matrix =
[[3165048325.796597, -1747801817.855223, -73718685.4417065, -1.8352870374026276e+16, -104569468.18939424, -60195512.894162826, 3.944023262088683e+29], [-1747801817.8552232, 1743056882.05143, -31373306.25174865, 3.627743815054856e+16, 177224476.61763555, 15139401.88706977, -5.060290475327693e+29], [-73718685.4417065, -31373306.251748644, 19636340.47744652, -2974326497650346.0, -12319700.626497848, 3243699.610219607, 2.8446445026375127e+28], [-1.8352870374026276e+16, 3.627743815054856e+16, -2974326497650346.0, 1.4237542877657305e+24, 5520778422176818.0, -1721995032465796.2, -1.2951063503912825e+37], [-104569468.18939424, 177224476.61763555, -12319700.626497848, 5520778422176818.0, 24656296.22033876, -3402748.1621335335, -6.377281525577698e+28], [-60195512.89416281, 15139401.88706977, 3243699.6102196067, -1721995032465796.2, -3402748.1621335335, 7567808.421081184, 2.6761341834252723e+26], [3.944023262088683e+29, -5.060290475327693e+29, 2.8446445026375127e+28, -1.2951063503912825e+37, -6.377281525577698e+28, 2.6761341834252723e+26, 1.8589825622827035e+50]]
sigma_dmb
from cov matrix =
3.619979335983527e-25
relative_bulk_velocity =
0.0
2-sigma zack's method =
5.63413310778907e-25