n-power=
0
dm_mass=
100
stepsize =
3.990524629937759e-26
fisher matrix =
[[3165048325.796597, -1747801817.855223, -73718685.4417065, -1.8352870374026276e+16, -104569468.18939424, -60195512.894162826, 3.8978223000325054e+30], [-1747801817.8552232, 1743056882.05143, -31373306.25174865, 3.627743815054856e+16, 177224476.61763555, 15139401.88706977, -5.007826968543831e+30], [-73718685.4417065, -31373306.251748644, 19636340.47744652, -2974326497650346.0, -12319700.626497848, 3243699.610219607, 2.8191044661172592e+29], [-1.8352870374026276e+16, 3.627743815054856e+16, -2974326497650346.0, 1.4237542877657305e+24, 5520778422176818.0, -1721995032465796.2, -1.2826547136811674e+38], [-104569468.18939424, 177224476.61763555, -12319700.626497848, 5520778422176818.0, 24656296.22033876, -3402748.1621335335, -6.314525359615006e+29], [-60195512.89416281, 15139401.88706977, 3243699.6102196067, -1721995032465796.2, -3402748.1621335335, 7567808.421081184, 2.931120793061536e+27], [3.8978223000325054e+30, -5.007826968543831e+30, 2.8191044661172592e+29, -1.2826547136811674e+38, -6.314525359615006e+29, 2.931120793061536e+27, 1.82126206859814e+52]]
sigma_dmb
from cov matrix =
3.6645752244004796e-26
relative_bulk_velocity =
0.0
2-sigma zack's method =
5.702656509076035e-26