n-power=
0
dm_mass=
10
stepsize =
2.8250750892455087e-26
fisher matrix =
[[3165048325.796597, -1747801817.855223, -73718685.4417065, -1.8352870374026276e+16, -104569468.18939424, -60195512.894162826, 3.5740585436267316e+31], [-1747801817.8552232, 1743056882.05143, -31373306.25174865, 3.627743815054856e+16, 177224476.61763555, 15139401.88706977, -4.590200486735967e+31], [-73718685.4417065, -31373306.251748644, 19636340.47744652, -2974326497650346.0, -12319700.626497848, 3243699.610219607, 2.5830669312292845e+30], [-1.8352870374026276e+16, 3.627743815054856e+16, -2974326497650346.0, 1.4237542877657305e+24, 5520778422176818.0, -1721995032465796.2, -1.1756284120473818e+39], [-104569468.18939424, 177224476.61763555, -12319700.626497848, 5520778422176818.0, 24656296.22033876, -3402748.1621335335, -5.786759326046575e+30], [-60195512.89416281, 15139401.88706977, 3243699.6102196067, -1721995032465796.2, -3402748.1621335335, 7567808.421081184, 2.6684146254845227e+28], [3.5740585436267316e+31, -4.590200486735967e+31, 2.5830669312292845e+30, -1.1756284120473818e+39, -5.786759326046575e+30, 2.6684146254845227e+28, 1.5288944960139046e+54]]
sigma_dmb
from cov matrix =
4.016632314286923e-27
relative_bulk_velocity =
0.0
2-sigma zack's method =
6.2507525000169235e-27