n-power=
0
dm_mass=
1e-05
stepsize =
2e-27
fisher matrix =
[[3165048325.796597, -1747801817.855223, -73718685.4417065, -1.8352870374026276e+16, -104569468.18939424, -60195512.894162826, 4.505808679979979e+33], [-1747801817.8552232, 1743056882.05143, -31373306.25174865, 3.627743815054856e+16, 177224476.61763555, 15139401.88706977, -5.769094764021532e+33], [-73718685.4417065, -31373306.251748644, 19636340.47744652, -2974326497650346.0, -12319700.626497848, 3243699.610219607, 3.238926237363715e+32], [-1.8352870374026276e+16, 3.627743815054856e+16, -2974326497650346.0, 1.4237542877657305e+24, 5520778422176818.0, -1721995032465796.2, -1.4674344384385734e+41], [-104569468.18939424, 177224476.61763555, -12319700.626497848, 5520778422176818.0, 24656296.22033876, -3402748.1621335335, -7.278761156126615e+32], [-60195512.89416281, 15139401.88706977, 3243699.6102196067, -1721995032465796.2, -3402748.1621335335, 7567808.421081184, 1.3655291965170341e+29], [4.505808679979979e+33, -5.769094764021532e+33, 3.238926237363715e+32, -1.4674344384385734e+41, -7.278761156126615e+32, 1.3655291965170341e+29, 2.465731245208851e+58]]
sigma_dmb
from cov matrix =
2.828828798092498e-29
relative_bulk_velocity =
0.0
2-sigma zack's method =
