n-power=
0
dm_mass=
1
stepsize =
2e-26
fisher matrix =
[[3165048325.796597, -1747801817.855223, -73718685.4417065, -1.8352870374026276e+16, -104569468.18939424, -60195512.894162826, 2.0785127281112712e+32], [-1747801817.8552232, 1743056882.05143, -31373306.25174865, 3.627743815054856e+16, 177224476.61763555, 15139401.88706977, -2.6684376847315283e+32], [-73718685.4417065, -31373306.251748644, 19636340.47744652, -2974326497650346.0, -12319700.626497848, 3243699.610219607, 1.501352166580103e+31], [-1.8352870374026276e+16, 3.627743815054856e+16, -2974326497650346.0, 1.4237542877657305e+24, 5520778422176818.0, -1721995032465796.2, -6.832799442475115e+39], [-104569468.18939424, 177224476.61763555, -12319700.626497848, 5520778422176818.0, 24656296.22033876, -3402748.1621335335, -3.3634590037976826e+31], [-60195512.89416281, 15139401.88706977, 3243699.6102196067, -1721995032465796.2, -3402748.1621335335, 7567808.421081184, 1.4896558668168528e+29], [2.0785127281112712e+32, -2.6684376847315283e+32, 1.501352166580103e+31, -6.832799442475115e+39, -3.3634590037976826e+31, 1.4896558668168531e+29, 5.164868491662571e+55]]
sigma_dmb
from cov matrix =
6.926425575537367e-28
relative_bulk_velocity =
0.0
2-sigma zack's method =
1.0773580796783238e-27