n-power=
-4
dm_mass=
1000
stepsize =
1e-39
fisher matrix =
[[2166267546.25976, -514699747.1361665, -143106257.28853744, 1.3693642524009776e+16, 42746568.42180874, -60272868.40681675, -3.9392458511129393e+43], [-514699747.1361666, 209498334.12307432, 54988956.35899584, -3461513545536788.0, -7559749.6453213245, 15234550.812658137, 6.602166498347811e+42], [-143106257.2885374, 54988956.35899584, 14771521.059527835, -735763072158030.8, -1918736.684595337, 3238342.228061953, 1.3545722380445541e+42], [1.3693642524009776e+16, -3461513545536787.5, -735763072158030.8, 3.9069660181516275e+23, 770548260514535.5, -1719509854048011.5, -1.1376089801024835e+51], [42746568.42180874, -7559749.645321325, -1918736.6845953371, 770548260514535.5, 1933119.1329378865, -3391519.883427506, -2.4698880725060026e+42], [-60272868.40681675, 15234550.812658137, 3238342.228061953, -1719509854048011.5, -3391519.883427506, 7567802.181100736, 5.006901452300466e+42], [-3.9392458511129393e+43, 6.60216649834781e+42, 1.3545722380445541e+42, -1.1376089801024835e+51, -2.4698880725060026e+42, 5.006901452300466e+42, 3.587785996718905e+78]]
sigma_dmb
from cov matrix =
3.9912962542878174e-39
relative_bulk_velocity =
30.0
2-sigma zack's method =
6.210240835206543e-39