n-power=
-4
dm_mass=
100
stepsize =
1e-40
fisher matrix =
[[2167943615.9269233, -516694685.0297029, -142984045.87260818, 1.362326770272057e+16, 42688129.740245536, -60272655.58292045, -3.887008604407971e+44], [-516694685.02970284, 211945056.95475215, 54836133.76206739, -3371906208866146.5, -7508189.083272481, 15234276.38022008, 6.225150538862152e+43], [-142984045.87260818, 54836133.76206739, 14781184.250096813, -741493836895080.0, -1921125.6705498877, 3238359.9151722905, 1.3682717387220636e+43], [1.3623267702720568e+16, -3371906208866147.0, -741493836895080.0, 3.9413436027508373e+23, 771449855338457.2, -1719520543762377.2, -1.14052660586976e+52], [42688129.740245536, -7508189.083272481, -1921125.6705498875, 771449855338457.2, 1940560.0923062125, -3391521.614820068, -2.465374923856007e+43], [-60272655.58292045, 15234276.38022008, 3238359.9151722905, -1719520543762377.2, -3391521.614820068, 7567802.214501878, 4.969172211832742e+43], [-3.887008604407971e+44, 6.225150538862152e+43, 1.3682717387220638e+43, -1.1405266058697598e+52, -2.465374923856007e+43, 4.969172211832742e+43, 3.588004666824518e+80]]
sigma_dmb
from cov matrix =
3.904332989791564e-40
relative_bulk_velocity =
30.0
2-sigma zack's method =
6.07446865099549e-40