n-power=
-4
dm_mass=
10
stepsize =
8e-42
fisher matrix =
[[2167943615.9269233, -516694685.0297029, -142984045.87260818, 1.362326770272057e+16, 42688129.740245536, -60272655.58292045, -3.586444358793927e+45], [-516694685.02970284, 211945056.95475215, 54836133.76206739, -3371906208866146.5, -7508189.083272481, 15234276.38022008, 5.745504203108351e+44], [-142984045.87260818, 54836133.76206739, 14781184.250096813, -741493836895080.0, -1921125.6705498877, 3238359.9151722905, 1.2630324033509749e+44], [1.3623267702720568e+16, -3371906208866147.0, -741493836895080.0, 3.9413436027508373e+23, 771449855338457.2, -1719520543762377.2, -1.0519068901254043e+53], [42688129.740245536, -7508189.083272481, -1921125.6705498875, 771449855338457.2, 1940560.0923062125, -3391521.614820068, -2.273759525353227e+44], [-60272655.58292045, 15234276.38022008, 3238359.9151722905, -1719520543762377.2, -3391521.614820068, 7567802.214501878, 4.58302858474058e+44], [-3.586444358793927e+45, 5.745504203108351e+44, 1.2630324033509749e+44, -1.0519068901254043e+53, -2.273759525353227e+44, 4.58302858474058e+44, 3.051869161998766e+82]]
sigma_dmb
from cov matrix =
4.231186384769578e-41
relative_bulk_velocity =
30.0
2-sigma zack's method =
6.58232588215949e-41