n-power=
-4
dm_mass=
1e-06
stepsize =
1e-43
fisher matrix =
[[2166267546.25976, -514699747.1361665, -143106257.28853744, 1.3693642524009776e+16, 42746568.42180874, -60272868.40681675, -4.1577179134459676e+46], [-514699747.1361666, 209498334.12307432, 54988956.35899584, -3461513545536788.0, -7559749.6453213245, 15234550.812658137, 7.026364157004398e+45], [-143106257.2885374, 54988956.35899584, 14771521.059527835, -735763072158030.8, -1918736.684595337, 3238342.228061953, 1.4417881064387667e+45], [1.3693642524009776e+16, -3461513545536787.5, -735763072158030.8, 3.9069660181516275e+23, 770548260514535.5, -1719509854048011.5, -1.2078478640781685e+54], [42746568.42180874, -7559749.645321325, -1918736.6845953371, 770548260514535.5, 1933119.1329378865, -3391519.883427506, -2.617816049796238e+45], [-60272868.40681675, 15234550.812658137, 3238342.228061953, -1719509854048011.5, -3391519.883427506, 7567802.181100736, 5.316041642541965e+45], [-4.1577179134459676e+46, 7.026364157004398e+45, 1.4417881064387664e+45, -1.2078478640781685e+54, -2.617816049796238e+45, 5.316041642541965e+45, 4.046158418762814e+84]]
sigma_dmb
from cov matrix =
3.586990526984904e-42
relative_bulk_velocity =
30.0
2-sigma zack's method =
5.572171409912703e-42