n-power=
-4
dm_mass=
1e-05
stepsize =
3e-43
fisher matrix =
[[2167943615.9269233, -516694685.0297029, -142984045.87260818, 1.362326770272057e+16, 42688129.740245536, -60272655.58292045, -4.187727775485878e+46], [-516694685.02970284, 211945056.95475215, 54836133.76206739, -3371906208866146.5, -7508189.083272481, 15234276.38022008, 6.705069389709578e+45], [-142984045.87260818, 54836133.76206739, 14781184.250096813, -741493836895080.0, -1921125.6705498877, 3238359.9151722905, 1.4754632475598527e+45], [1.3623267702720568e+16, -3371906208866147.0, -741493836895080.0, 3.9413436027508373e+23, 771449855338457.2, -1719520543762377.2, -1.2261438917982833e+54], [42688129.740245536, -7508189.083272481, -1921125.6705498875, 771449855338457.2, 1940560.0923062125, -3391521.614820068, -2.6519962505307343e+45], [-60272655.58292045, 15234276.38022008, 3238359.9151722905, -1719520543762377.2, -3391521.614820068, 7567802.214501878, 5.3421628226900197e+45], [-4.187727775485878e+46, 6.705069389709578e+45, 1.4754632475598527e+45, -1.2261438917982832e+54, -2.6519962505307343e+45, 5.342162822690019e+45, 4.148252777287747e+84]]
sigma_dmb
from cov matrix =
3.631500782304922e-42
relative_bulk_velocity =
30.0
2-sigma zack's method =
5.647481057635081e-42