n-power=
-4
dm_mass=
1e-06
stepsize =
1e-43
fisher matrix =
[[2167943615.9269233, -516694685.0297029, -142984045.87260818, 1.362326770272057e+16, 42688129.740245536, -60272655.58292045, -4.1266455067406204e+46], [-516694685.02970284, 211945056.95475215, 54836133.76206739, -3371906208866146.5, -7508189.083272481, 15234276.38022008, 6.662461169337511e+45], [-142984045.87260818, 54836133.76206739, 14781184.250096813, -741493836895080.0, -1921125.6705498877, 3238359.9151722905, 1.4637639704507763e+45], [1.3623267702720568e+16, -3371906208866147.0, -741493836895080.0, 3.9413436027508373e+23, 771449855338457.2, -1719520543762377.2, -1.2202189146469825e+54], [42688129.740245536, -7508189.083272481, -1921125.6705498875, 771449855338457.2, 1940560.0923062125, -3391521.614820068, -2.632023154526504e+45], [-60272655.58292045, 15234276.38022008, 3238359.9151722905, -1719520543762377.2, -3391521.614820068, 7567802.214501878, 5.31607850467914e+45], [-4.1266455067406204e+46, 6.662461169337511e+45, 1.4637639704507763e+45, -1.2202189146469825e+54, -2.632023154526504e+45, 5.31607850467914e+45, 4.108418020506673e+84]]
sigma_dmb
from cov matrix =
3.491302576937984e-42
relative_bulk_velocity =
30.0
2-sigma zack's method =
5.430532728946884e-42