n-power=
-4
dm_mass=
1
stepsize =
8e-42
fisher matrix =
[[2166267546.25976, -514699747.1361665, -143106257.28853744, 1.3693642524009776e+16, 42746568.42180874, -60272868.40681675, -2.0269490827525108e+46], [-514699747.1361666, 209498334.12307432, 54988956.35899584, -3461513545536788.0, -7559749.6453213245, 15234550.812658137, 3.402035991049152e+45], [-143106257.2885374, 54988956.35899584, 14771521.059527835, -735763072158030.8, -1918736.684595337, 3238342.228061953, 6.986825057114308e+44], [1.3693642524009776e+16, -3461513545536787.5, -735763072158030.8, 3.9069660181516275e+23, 770548260514535.5, -1719509854048011.5, -5.843689036294385e+53], [42746568.42180874, -7559749.645321325, -1918736.6845953371, 770548260514535.5, 1933119.1329378865, -3391519.883427506, -1.268992495930233e+45], [-60272868.40681675, 15234550.812658137, 3238342.228061953, -1719509854048011.5, -3391519.883427506, 7567802.181100736, 2.5719536976482392e+45], [-2.0269490827525108e+46, 3.402035991049152e+45, 6.986825057114308e+44, -5.843689036294385e+53, -1.268992495930233e+45, 2.5719536976482392e+45, 9.466830554869033e+83]]
sigma_dmb
from cov matrix =
7.751522756738752e-42
relative_bulk_velocity =
30.0
2-sigma zack's method =
1.2062880434102907e-41