n-power=
-4
dm_mass=
1
stepsize =
8e-43
fisher matrix =
[[2167943615.9269233, -516694685.0297029, -142984045.87260818, 1.362326770272057e+16, 42688129.740245536, -60272655.58292045, -2.012393326381134e+46], [-516694685.02970284, 211945056.95475215, 54836133.76206739, -3371906208866146.5, -7508189.083272481, 15234276.38022008, 3.2171890803525784e+45], [-142984045.87260818, 54836133.76206739, 14781184.250096813, -741493836895080.0, -1921125.6705498877, 3238359.9151722905, 7.065044973166934e+44], [1.3623267702720568e+16, -3371906208866147.0, -741493836895080.0, 3.9413436027508373e+23, 771449855338457.2, -1719520543762377.2, -5.917316823405803e+53], [42688129.740245536, -7508189.083272481, -1921125.6705498875, 771449855338457.2, 1940560.0923062125, -3391521.614820068, -1.2783108177332526e+45], [-60272655.58292045, 15234276.38022008, 3238359.9151722905, -1719520543762377.2, -3391521.614820068, 7567802.214501878, 2.5780195650622438e+45], [-2.012393326381134e+46, 3.2171890803525784e+45, 7.0650449731669335e+44, -5.917316823405803e+53, -1.2783108177332526e+45, 2.5780195650622438e+45, 9.65836798444089e+83]]
sigma_dmb
from cov matrix =
7.47828547295334e-42
relative_bulk_velocity =
30.0
2-sigma zack's method =
1.1627744714708928e-41