n-power=
-4
dm_mass=
0.001
stepsize =
2.5e-43
fisher matrix =
[[38689341457.83366, -5362818719.258043, -1514628752.0685098, 2.0123291621707786e+17, 722016676.7070714, -885457065.0324104, -7.290075409273409e+47], [-5362818719.258043, 1306325308.2861695, 356281042.1818493, -2.5035569924397972e+16, -81581231.77670474, 110165849.10599668, 7.769803449284405e+46], [-1514628752.0685098, 356281042.18184936, 97987110.05910282, -6652990128963406.0, -22855687.255963955, 29275128.997670814, 2.115707481800633e+46], [2.0123291621707786e+17, -2.5035569924397972e+16, -6652990128963406.0, 1.8112240032056673e+24, 5235339837961014.0, -7970711506386538.0, -6.245864253548915e+54], [722016676.7070714, -81581231.77670474, -22855687.255963955, 5235339837961014.0, 17203704.706812263, -23038461.739678524, -1.9017559594306483e+46], [-885457065.0324104, 110165849.10599668, 29275128.997670814, -7970711506386537.0, -23038461.739678524, 35076971.37057968, 2.7485975029347146e+46], [-7.290075409273408e+47, 7.769803449284405e+46, 2.115707481800633e+46, -6.245864253548915e+54, -1.9017559594306483e+46, 2.7485975029347146e+46, 2.2383719712097134e+85]]
sigma_dmb
from cov matrix =
2.1958125506177286e-42
relative_bulk_velocity =
30.0
2-sigma zack's method =
3.4148712809280576e-42