n-power=
-4
dm_mass=
0.01
stepsize =
1.6e-42
fisher matrix =
[[38722912692.56028, -5400831812.69728, -1512407201.3107786, 2.0004590152567654e+17, 719715615.3290608, -885453654.0607411, -7.15411697569014e+47], [-5400831812.69728, 1349516295.2543473, 353749730.813514, -2.3677774040444652e+16, -79030079.2657795, 110161936.19364583, 6.833720409950588e+46], [-1512407201.3107786, 353749730.813514, 98135854.14581107, -6733085057995549.0, -23001320.238087177, 29275360.467272364, 2.1466347582714881e+46], [2.0004590152567654e+17, -2.3677774040444652e+16, -6733085057995549.0, 1.8546277029960924e+24, 5310020104695577.0, -7970837511702833.0, -6.467150924332763e+54], [719715615.3290607, -79030079.2657795, -23001320.238087177, 5310020104695576.0, 17398145.51549535, -23038669.76646371, -1.9468581995779347e+46], [-885453654.0607411, 110161936.19364583, 29275360.467272364, -7970837511702833.0, -23038669.76646371, 35076971.73757442, 2.730137656345103e+46], [-7.154116975690139e+47, 6.833720409950588e+46, 2.1466347582714881e+46, -6.467150924332763e+54, -1.9468581995779347e+46, 2.730137656345103e+46, 2.392312945945073e+85]]
sigma_dmb
from cov matrix =
1.8748959557471203e-42
2-sigma =
4.649741970252858e-42
2-sigma zack's method =
2.914395720048255e-42