n-power=
-4
dm_mass=
1000
stepsize =
1e-39
fisher matrix =
[[38722912692.56028, -5400831812.69728, -1512407201.3107786, 2.0004590152567654e+17, 719715615.3290608, -885453654.0607411, -6.797392538400566e+44], [-5400831812.69728, 1349516295.2543473, 353749730.813514, -2.3677774040444652e+16, -79030079.2657795, 110161936.19364583, 6.488909658407357e+43], [-1512407201.3107786, 353749730.813514, 98135854.14581107, -6733085057995549.0, -23001320.238087177, 29275360.467272364, 2.0389987735282277e+43], [2.0004590152567654e+17, -2.3677774040444652e+16, -6733085057995549.0, 1.8546277029960924e+24, 5310020104695577.0, -7970837511702833.0, -6.145665080099491e+51], [719715615.3290607, -79030079.2657795, -23001320.238087177, 5310020104695576.0, 17398145.51549535, -23038669.76646371, -1.8500563406653414e+43], [-885453654.0607411, 110161936.19364583, 29275360.467272364, -7970837511702833.0, -23038669.76646371, 35076971.73757442, 2.5942153988965486e+43], [-6.797392538400566e+44, 6.4889096584073575e+43, 2.0389987735282277e+43, -6.145665080099491e+51, -1.8500563406653414e+43, 2.5942153988965486e+43, 2.160874366820598e+79]]
sigma_dmb
from cov matrix =
1.9665735084217843e-39
2-sigma =
4.877102300886025e-39
2-sigma zack's method =
3.0575900064299305e-39