n-power=
-4
dm_mass=
1000
stepsize =
1e-39
fisher matrix =
[[38689341457.83366, -5362818719.258043, -1514628752.0685098, 2.0123291621707786e+17, 722016676.7070714, -885457065.0324104, -6.870584976983303e+44], [-5362818719.258043, 1306325308.2861695, 356281042.1818493, -2.5035569924397972e+16, -81581231.77670474, 110165849.10599668, 7.312475180320948e+43], [-1514628752.0685098, 356281042.18184936, 97987110.05910282, -6652990128963406.0, -22855687.255963955, 29275128.997670814, 1.9912838011189499e+43], [2.0123291621707786e+17, -2.5035569924397972e+16, -6652990128963406.0, 1.8112240032056673e+24, 5235339837961014.0, -7970711506386538.0, -5.8948744409414295e+51], [722016676.7070714, -81581231.77670474, -22855687.255963955, 5235339837961014.0, 17203704.706812263, -23038461.739678524, -1.7947202170602262e+43], [-885457065.0324104, 110165849.10599668, 29275128.997670814, -7970711506386537.0, -23038461.739678524, 35076971.37057968, 2.5941441956188223e+43], [-6.870584976983303e+44, 7.312475180320948e+43, 1.9912838011189499e+43, -5.8948744409414295e+51, -1.7947202170602262e+43, 2.5941441956188223e+43, 1.9930690205550944e+79]]
sigma_dmb
from cov matrix =
2.401590642110573e-39
relative_bulk_velocity =
30.0
2-sigma zack's method =
3.737378133357064e-39