n-power=
-4
dm_mass=
100
stepsize =
1e-40
fisher matrix =
[[38722912692.56028, -5400831812.69728, -1512407201.3107786, 2.0004590152567654e+17, 719715615.3290608, -885453654.0607411, -6.730474173890113e+45], [-5400831812.69728, 1349516295.2543473, 353749730.813514, -2.3677774040444652e+16, -79030079.2657795, 110161936.19364583, 6.423926071100202e+44], [-1512407201.3107786, 353749730.813514, 98135854.14581107, -6733085057995549.0, -23001320.238087177, 29275360.467272364, 2.019011259320623e+44], [2.0004590152567654e+17, -2.3677774040444652e+16, -6733085057995549.0, 1.8546277029960924e+24, 5310020104695577.0, -7970837511702833.0, -6.090408608617083e+52], [719715615.3290607, -79030079.2657795, -23001320.238087177, 5310020104695576.0, 17398145.51549535, -23038669.76646371, -1.832895768021516e+44], [-885453654.0607411, 110161936.19364583, 29275360.467272364, -7970837511702833.0, -23038669.76646371, 35076971.73757442, 2.5708201729547206e+44], [-6.730474173890113e+45, 6.423926071100201e+44, 2.0190112593206225e+44, -6.090408608617083e+52, -1.832895768021516e+44, 2.5708201729547206e+44, 2.12212955895431e+81]]
sigma_dmb
from cov matrix =
1.9832988716472145e-40
2-sigma =
4.918581201685092e-40
2-sigma zack's method =
3.0854164664309405e-40