n-power=
-4
dm_mass=
10
stepsize =
8e-42
fisher matrix =
[[38722912692.56028, -5400831812.69728, -1512407201.3107786, 2.0004590152567654e+17, 719715615.3290608, -885453654.0607411, -6.217136233497813e+46], [-5400831812.69728, 1349516295.2543473, 353749730.813514, -2.3677774040444652e+16, -79030079.2657795, 110161936.19364583, 5.937854169088044e+45], [-1512407201.3107786, 353749730.813514, 98135854.14581107, -6733085057995549.0, -23001320.238087177, 29275360.467272364, 1.8659026777670833e+45], [2.0004590152567654e+17, -2.3677774040444652e+16, -6733085057995549.0, 1.8546277029960924e+24, 5310020104695577.0, -7970837511702833.0, -5.623145951980195e+53], [719715615.3290607, -79030079.2657795, -23001320.238087177, 5310020104695576.0, 17398145.51549535, -23038669.76646371, -1.6925936132596127e+45], [-885453654.0607411, 110161936.19364583, 29275360.467272364, -7970837511702833.0, -23038669.76646371, 35076971.73757442, 2.3736050431147384e+45], [-6.217136233497813e+46, 5.937854169088044e+45, 1.8659026777670833e+45, -5.623145951980195e+53, -1.6925936132596127e+45, 2.3736050431147387e+45, 1.8089527839025629e+83]]
sigma_dmb
from cov matrix =
2.152869504263338e-41
2-sigma =
5.339116370573078e-41
2-sigma zack's method =
3.3503640028714135e-41