n-power=
-4
dm_mass=
1e-06
stepsize =
1e-43
fisher matrix =
[[38689341457.83366, -5362818719.258043, -1514628752.0685098, 2.0123291621707786e+17, 722016676.7070714, -885457065.0324104, -7.296865268725084e+47], [-5362818719.258043, 1306325308.2861695, 356281042.1818493, -2.5035569924397972e+16, -81581231.77670474, 110165849.10599668, 7.796582106897264e+46], [-1514628752.0685098, 356281042.18184936, 97987110.05910282, -6652990128963406.0, -22855687.255963955, 29275128.997670814, 2.1229963137749522e+46], [2.0123291621707786e+17, -2.5035569924397972e+16, -6652990128963406.0, 1.8112240032056673e+24, 5235339837961014.0, -7970711506386538.0, -6.24418774531561e+54], [722016676.7070714, -81581231.77670474, -22855687.255963955, 5235339837961014.0, 17203704.706812263, -23038461.739678524, -1.900856339421334e+46], [-885457065.0324104, 110165849.10599668, 29275128.997670814, -7970711506386537.0, -23038461.739678524, 35076971.37057968, 2.747857958245911e+46], [-7.296865268725084e+47, 7.796582106897264e+46, 2.1229963137749522e+46, -6.24418774531561e+54, -1.900856339421334e+46, 2.747857958245911e+46, 2.2405852455665462e+85]]
sigma_dmb
from cov matrix =
1.9863310631394372e-42
relative_bulk_velocity =
30.0
2-sigma zack's method =
3.0908529203545226e-42