n-power=
-4
dm_mass=
1e-05
stepsize =
3e-43
fisher matrix =
[[38722912692.56028, -5400831812.69728, -1512407201.3107786, 2.0004590152567654e+17, 719715615.3290608, -885453654.0607411, -7.272331383654716e+47], [-5400831812.69728, 1349516295.2543473, 353749730.813514, -2.3677774040444652e+16, -79030079.2657795, 110161936.19364583, 6.945145927226558e+46], [-1512407201.3107786, 353749730.813514, 98135854.14581107, -6733085057995549.0, -23001320.238087177, 29275360.467272364, 2.18237548253752e+46], [2.0004590152567654e+17, -2.3677774040444652e+16, -6733085057995549.0, 1.8546277029960924e+24, 5310020104695577.0, -7970837511702833.0, -6.56224498967096e+54], [719715615.3290607, -79030079.2657795, -23001320.238087177, 5310020104695576.0, 17398145.51549535, -23038669.76646371, -1.9770912548981492e+46], [-885453654.0607411, 110161936.19364583, 29275360.467272364, -7970837511702833.0, -23038669.76646371, 35076971.73757442, 2.7701505325803743e+46], [-7.272331383654716e+47, 6.945145927226558e+46, 2.1823754825375202e+46, -6.56224498967096e+54, -1.9770912548981492e+46, 2.7701505325803743e+46, 2.4652662913040636e+85]]
2-sigma zack's method =
from cov matrix =
1.8329903452715395e-42
relative_bulk_velocity =
30.0
2-sigma zack's method =
2.8496313646072815e-42