[[ 4.07405579e+10, -7.60007907e+09, -1.39477491e+09,
         1.43670737e+17,  4.42524868e+08, -8.85765399e+08,
        -1.03894481e+46],
       [-7.60007907e+09,  3.79711535e+09,  2.19952393e+08,
         3.91592395e+16,  2.31170870e+08,  1.11215467e+08,
        -7.29587787e+47],
       [-1.39477491e+09,  2.19952393e+08,  1.05997876e+08,
        -1.02641836e+16, -4.02401711e+07,  2.94128658e+07,
         6.60877130e+46],
       [ 1.43670737e+17,  3.91592395e+16, -1.02641836e+16,
         3.52556878e+24,  1.33296883e+16, -8.13026226e+15,
        -2.72421582e+55],
       [ 4.42524868e+08,  2.31170870e+08, -4.02401711e+07,
         1.33296883e+16,  5.77461294e+07, -2.32143761e+07,
        -1.22832410e+47],
       [-8.85765399e+08,  1.11215467e+08,  2.94128658e+07,
        -8.13026226e+15, -2.32143761e+07,  3.57928475e+07,
         2.81152067e+46],
       [-1.03894481e+46, -7.29587787e+47,  6.60877130e+46,
        -2.72421582e+55, -1.22832410e+47,  2.81152067e+46,
         2.88836240e+86]]
2sigma=
1.5583936545071687e-42