n-power=
-4
dm_mass=
1
stepsize =
8e-43
fisher matrix =
[[38689341457.83366, -5362818719.258043, -1514628752.0685098, 2.0123291621707786e+17, 722016676.7070714, -885457065.0324104, -3.5373942010135083e+47], [-5362818719.258043, 1306325308.2861695, 356281042.1818493, -2.5035569924397972e+16, -81581231.77670474, 110165849.10599668, 3.766683609537697e+46], [-1514628752.0685098, 356281042.18184936, 97987110.05910282, -6652990128963406.0, -22855687.255963955, 29275128.997670814, 1.0257693949938691e+46], [2.0123291621707786e+17, -2.5035569924397972e+16, -6652990128963406.0, 1.8112240032056673e+24, 5235339837961014.0, -7970711506386538.0, -3.0335952361662755e+54], [722016676.7070714, -81581231.77670474, -22855687.255963955, 5235339837961014.0, 17203704.706812263, -23038461.739678524, -9.236423251799676e+45], [-885457065.0324104, 110165849.10599668, 29275128.997670814, -7970711506386537.0, -23038461.739678524, 35076971.37057968, 1.3349863610953176e+46], [-3.5373942010135083e+47, 3.7666836095376977e+46, 1.0257693949938691e+46, -3.0335952361662755e+54, -9.236423251799676e+45, 1.3349863610953176e+46, 5.278944406880938e+84]]
sigma_dmb
from cov matrix =
4.6251383883755346e-42
relative_bulk_velocity =
30.0
2-sigma zack's method =
7.194594811248416e-42