n-power=
-4
dm_mass=
1
stepsize =
8e-43
fisher matrix =
[[38722912692.56028, -5400831812.69728, -1512407201.3107786, 2.0004590152567654e+17, 719715615.3290608, -885453654.0607411, -3.4995823162510875e+47], [-5400831812.69728, 1349516295.2543473, 353749730.813514, -2.3677774040444652e+16, -79030079.2657795, 110161936.19364583, 3.3412239345138455e+46], [-1512407201.3107786, 353749730.813514, 98135854.14581107, -6733085057995549.0, -23001320.238087177, 29275360.467272364, 1.0504190828680331e+46], [2.0004590152567654e+17, -2.3677774040444652e+16, -6733085057995549.0, 1.8546277029960924e+24, 5310020104695577.0, -7970837511702833.0, -3.1631523865703536e+54], [719715615.3290607, -79030079.2657795, -23001320.238087177, 5310020104695576.0, 17398145.51549535, -23038669.76646371, -9.52232142304626e+45], [-885453654.0607411, 110161936.19364583, 29275360.467272364, -7970837511702833.0, -23038669.76646371, 35076971.73757442, 1.3350231439212536e+46], [-3.4995823162510883e+47, 3.3412239345138455e+46, 1.0504190828680331e+46, -3.1631523865703536e+54, -9.52232142304626e+45, 1.3350231439212536e+46, 5.726839798382779e+84]]
sigma_dmb
from cov matrix =
3.784596863351742e-42
2-sigma =
9.38580022111232e-42
2-sigma zack's method =
5.885742143309143e-42