n-power=
2
dm_mass=
0.0001
stepsize =
1e-23
fisher matrix =
[[256435893581.12686, -29776046383.02648, -7419659687.458143, 8.808901786089398e+17, 3427601134.139993, -4228315504.6077895, 1.2992533451998882e+30], [-29776046383.026478, 8336506467.93758, 1028124901.3589946, 4043700566583479.0, 103003744.05470017, 419134005.55432063, -1.4132654329454783e+30], [-7419659687.458142, 1028124901.3589945, 357984694.2885425, -3.212505776823924e+16, -128414122.21582194, 116732473.65778747, 7.248073881297487e+28], [8.808901786089398e+17, 4043700566583473.0, -3.212505776823924e+16, 7.747932644628702e+24, 2.952788095956414e+16, -2.2729754413791104e+16, -3.433684246645425e+37], [3427601134.139993, 103003744.05470017, -128414122.21582194, 2.952788095956414e+16, 122740777.63268231, -77727013.48449327, -1.7366008037724577e+29], [-4228315504.6077895, 419134005.55432063, 116732473.65778747, -2.2729754413791104e+16, -77727013.48449329, 100292993.05216442, -4.166076625760976e+27], [1.2992533451998882e+30, -1.4132654329454783e+30, 7.248073881297487e+28, -3.433684246645425e+37, -1.7366008037724577e+29, -4.166076625760976e+27, 6.177535550993856e+50]]
sigma_dmb
from cov matrix =
1.1261672015447714e-25
2-sigma =
2.7928946598310333e-25
2-sigma zack's method =
1.750241985824839e-25