n-power=
2
dm_mass=
0.001
stepsize =
4e-22
fisher matrix =
[[256435893581.12686, -29776046383.02648, -7419659687.458143, 8.808901786089398e+17, 3427601134.139993, -4228315504.6077895, 1.0458171277698722e+29], [-29776046383.026478, 8336506467.93758, 1028124901.3589946, 4043700566583479.0, 103003744.05470017, 419134005.55432063, -1.1195898007385111e+29], [-7419659687.458142, 1028124901.3589945, 357984694.2885425, -3.212505776823924e+16, -128414122.21582194, 116732473.65778747, 5.665596076330504e+27], [8.808901786089398e+17, 4043700566583473.0, -3.212505776823924e+16, 7.747932644628702e+24, 2.952788095956414e+16, -2.2729754413791104e+16, -2.706991798705644e+36], [3427601134.139993, 103003744.05470017, -128414122.21582194, 2.952788095956414e+16, 122740777.63268231, -77727013.48449327, -1.3667385832929157e+28], [-4228315504.6077895, 419134005.55432063, 116732473.65778747, -2.2729754413791104e+16, -77727013.48449329, 100292993.05216442, -3.7138085252722366e+26], [1.0458171277698722e+29, -1.1195898007385111e+29, 5.665596076330504e+27, -2.706991798705644e+36, -1.3667385832929157e+28, -3.7138085252722366e+26, 3.7885287312597264e+48]]
sigma_dmb
from cov matrix =
1.5110766219607604e-24
2-sigma =
3.747470022462686e-24
2-sigma zack's method =
2.352048115900005e-24