n-power=
2
dm_mass=
0.01
stepsize =
1.5924286822139892e-20
fisher matrix =
[[256435893581.12686, -29776046383.02648, -7419659687.458143, 8.808901786089398e+17, 3427601134.139993, -4228315504.6077895, 6.315705251353308e+27], [-29776046383.026478, 8336506467.93758, 1028124901.3589946, 4043700566583479.0, 103003744.05470017, 419134005.55432063, -6.661848470780627e+27], [-7419659687.458142, 1028124901.3589945, 357984694.2885425, -3.212505776823924e+16, -128414122.21582194, 116732473.65778747, 3.308755032210167e+26], [8.808901786089398e+17, 4043700566583473.0, -3.212505776823924e+16, 7.747932644628702e+24, 2.952788095956414e+16, -2.2729754413791104e+16, -1.601116433541083e+35], [3427601134.139993, 103003744.05470017, -128414122.21582194, 2.952788095956414e+16, 122740777.63268231, -77727013.48449327, -8.042854094771485e+26], [-4228315504.6077895, 419134005.55432063, 116732473.65778747, -2.2729754413791104e+16, -77727013.48449329, 100292993.05216442, -2.5493021774934785e+25], [6.31570525135331e+27, -6.661848470780627e+27, 3.308755032210167e+26, -1.601116433541083e+35, -8.042854094771485e+26, -2.5493021774934785e+25, 1.2789144332111365e+46]]
sigma_dmb
from cov matrix =
2.9639413884582534e-23
2-sigma =
7.350574643376469e-23
2-sigma zack's method =
4.6144595099459187e-23