n-power=
2
dm_mass=
0.1
stepsize =
7.98104925987552e-20
fisher matrix =
[[256435893581.12686, -29776046383.02648, -7419659687.458143, 8.808901786089398e+17, 3427601134.139993, -4228315504.6077895, 6.315422933892749e+26], [-29776046383.026478, 8336506467.93758, 1028124901.3589946, 4043700566583479.0, 103003744.05470017, 419134005.55432063, -6.991015801070646e+26], [-7419659687.458142, 1028124901.3589945, 357984694.2885425, -3.212505776823924e+16, -128414122.21582194, 116732473.65778747, 3.5941877726212102e+25], [8.808901786089398e+17, 4043700566583473.0, -3.212505776823924e+16, 7.747932644628702e+24, 2.952788095956414e+16, -2.2729754413791104e+16, -1.7035073786783196e+34], [3427601134.139993, 103003744.05470017, -128414122.21582194, 2.952788095956414e+16, 122740777.63268231, -77727013.48449327, -8.573994120313334e+25], [-4228315504.6077895, 419134005.55432063, 116732473.65778747, -2.2729754413791104e+16, -77727013.48449329, 100292993.05216442, -1.9640164095629052e+24], [6.315422933892749e+26, -6.991015801070646e+26, 3.5941877726212102e+25, -1.7035073786783196e+34, -8.573994120313334e+25, -1.9640164095629052e+24, 1.4619578515881442e+44]]
sigma_dmb
from cov matrix =
2.539412748113156e-22
2-sigma =
6.297743615320626e-22
2-sigma zack's method =
3.9507192172662874e-22