n-power=
2
dm_mass=
1000
stepsize =
5.0357016471766674e-17
fisher matrix =
[[256435893581.12686, -29776046383.02648, -7419659687.458143, 8.808901786089398e+17, 3427601134.139993, -4228315504.6077895, 9.634074752078564e+22], [-29776046383.026478, 8336506467.93758, 1028124901.3589946, 4043700566583479.0, 103003744.05470017, 419134005.55432063, -1.2093749057545702e+23], [-7419659687.458142, 1028124901.3589945, 357984694.2885425, -3.212505776823924e+16, -128414122.21582194, 116732473.65778747, 6.628989981721587e+21], [8.808901786089398e+17, 4043700566583473.0, -3.212505776823924e+16, 7.747932644628702e+24, 2.952788095956414e+16, -2.2729754413791104e+16, -3.0342974184496244e+30], [3427601134.139993, 103003744.05470017, -128414122.21582194, 2.952788095956414e+16, 122740777.63268231, -77727013.48449327, -1.520491621845232e+22], [-4228315504.6077895, 419134005.55432063, 116732473.65778747, -2.2729754413791104e+16, -77727013.48449329, 100292993.05216442, -8.926830856241068e+19], [9.634074752078564e+22, -1.2093749057545702e+23, 6.628989981721587e+21, -3.0342974184496244e+30, -1.520491621845232e+22, -8.92683085624107e+19, 4.459902806822693e+36]]
sigma_dmb
from cov matrix =
1.457552002515127e-18
2-sigma =
3.6147289662375146e-18
2-sigma zack's method =
2.2668156905362726e-18