n-power=
2
dm_mass=
100
stepsize =
1.0047545726038318e-17
fisher matrix =
[[256435893581.12686, -29776046383.02648, -7419659687.458143, 8.808901786089398e+17, 3427601134.139993, -4228315504.6077895, 8.969499366525515e+23], [-29776046383.026478, 8336506467.93758, 1028124901.3589946, 4043700566583479.0, 103003744.05470017, 419134005.55432063, -1.1325337541223048e+24], [-7419659687.458142, 1028124901.3589945, 357984694.2885425, -3.212505776823924e+16, -128414122.21582194, 116732473.65778747, 6.220094113240593e+22], [8.808901786089398e+17, 4043700566583473.0, -3.212505776823924e+16, 7.747932644628702e+24, 2.952788095956414e+16, -2.2729754413791104e+16, -2.844930976957286e+31], [3427601134.139993, 103003744.05470017, -128414122.21582194, 2.952788095956414e+16, 122740777.63268231, -77727013.48449327, -1.424620366185818e+23], [-4228315504.6077895, 419134005.55432063, 116732473.65778747, -2.2729754413791104e+16, -77727013.48449329, 100292993.05216442, -7.425662012218897e+20], [8.969499366525515e+23, -1.1325337541223048e+24, 6.220094113240593e+22, -2.844930976957286e+31, -1.424620366185818e+23, -7.425662012218897e+20, 3.899750894257156e+38]]
sigma_dmb
from cov matrix =
1.5759669955575803e-19
2-sigma =
3.908398148982799e-19
2-sigma zack's method =
2.4523201473859965e-19