n-power=
2
dm_mass=
10
stepsize =
2.0047489345090887e-18
fisher matrix =
[[256435893581.12686, -29776046383.02648, -7419659687.458143, 8.808901786089398e+17, 3427601134.139993, -4228315504.6077895, 8.024421171106529e+24], [-29776046383.026478, 8336506467.93758, 1028124901.3589946, 4043700566583479.0, 103003744.05470017, 419134005.55432063, -1.0142579466749035e+25], [-7419659687.458142, 1028124901.3589945, 357984694.2885425, -3.212505776823924e+16, -128414122.21582194, 116732473.65778747, 5.5685366710039954e+23], [8.808901786089398e+17, 4043700566583473.0, -3.212505776823924e+16, 7.747932644628702e+24, 2.952788095956414e+16, -2.2729754413791104e+16, -2.5480409905331907e+32], [3427601134.139993, 103003744.05470017, -128414122.21582194, 2.952788095956414e+16, 122740777.63268231, -77727013.48449327, -1.275223616508097e+24], [-4228315504.6077895, 419134005.55432063, 116732473.65778747, -2.2729754413791104e+16, -77727013.48449329, 100292993.05216442, -6.661389826089138e+21], [8.024421171106529e+24, -1.0142579466749035e+25, 5.5685366710039954e+23, -2.5480409905331907e+32, -1.275223616508097e+24, -6.661389826089138e+21, 3.1151992371094044e+40]]
sigma_dmb
from cov matrix =
1.7848113624972035e-20
2-sigma =
4.426332178993065e-20
2-sigma zack's method =
2.7768666855550087e-20