n-power=
2
dm_mass=
1e-06
stepsize =
5e-26
fisher matrix =
[[256435893581.12686, -29776046383.02648, -7419659687.458143, 8.808901786089398e+17, 3427601134.139993, -4228315504.6077895, 2.7093477811424296e+32], [-29776046383.026478, 8336506467.93758, 1028124901.3589946, 4043700566583479.0, 103003744.05470017, 419134005.55432063, -3.1076208926317295e+32], [-7419659687.458142, 1028124901.3589945, 357984694.2885425, -3.212505776823924e+16, -128414122.21582194, 116732473.65778747, 1.6450585166991114e+31], [8.808901786089398e+17, 4043700566583473.0, -3.212505776823924e+16, 7.747932644628702e+24, 2.952788095956414e+16, -2.2729754413791104e+16, -7.657839862199654e+39], [3427601134.139993, 103003744.05470017, -128414122.21582194, 2.952788095956414e+16, 122740777.63268231, -77727013.48449327, -3.8590892428342453e+31], [-4228315504.6077895, 419134005.55432063, 116732473.65778747, -2.2729754413791104e+16, -77727013.48449329, 100292993.05216442, -6.253660988818522e+29], [2.7093477811424296e+32, -3.1076208926317295e+32, 1.6450585166991114e+31, -7.657839862199654e+39, -3.8590892428342453e+31, -6.253660988818522e+29, 2.9852571286842885e+55]]
2-sigma zack's method =
from cov matrix =
5.259383413965387e-28
2-sigma =
1.3043270866634159e-27
2-sigma zack's method =
8.185163498306394e-28