n-power=
2
dm_mass=
1e-05
stepsize =
1e-24
fisher matrix =
[[256435893581.12686, -29776046383.02648, -7419659687.458143, 8.808901786089398e+17, 3427601134.139993, -4228315504.6077895, 1.833328179094281e+31], [-29776046383.026478, 8336506467.93758, 1028124901.3589946, 4043700566583479.0, 103003744.05470017, 419134005.55432063, -2.0013367392155146e+31], [-7419659687.458142, 1028124901.3589945, 357984694.2885425, -3.212505776823924e+16, -128414122.21582194, 116732473.65778747, 1.0280062618394133e+30], [8.808901786089398e+17, 4043700566583473.0, -3.212505776823924e+16, 7.747932644628702e+24, 2.952788095956414e+16, -2.2729754413791104e+16, -4.866895430621346e+38], [3427601134.139993, 103003744.05470017, -128414122.21582194, 2.952788095956414e+16, 122740777.63268231, -77727013.48449327, -2.4594630663358418e+30], [-4228315504.6077895, 419134005.55432063, 116732473.65778747, -2.2729754413791104e+16, -77727013.48449329, 100292993.05216442, -5.798518326762538e+28], [1.833328179094281e+31, -2.0013367392155146e+31, 1.0280062618394133e+30, -4.866895430621346e+38, -2.4594630663358418e+30, -5.798518326762538e+28, 1.233048459461532e+53]]
sigma_dmb
from cov matrix =
8.074553565021498e-27
2-sigma =
2.0024892841253314e-26
2-sigma zack's method =
1.2566300967383918e-26