n-power=
2
dm_mass=
1
stepsize =
4e-19
fisher matrix =
[[256435893581.12686, -29776046383.02648, -7419659687.458143, 8.808901786089398e+17, 3427601134.139993, -4228315504.6077895, 6.797946953903788e+25], [-29776046383.026478, 8336506467.93758, 1028124901.3589946, 4043700566583479.0, 103003744.05470017, 419134005.55432063, -8.224054273260536e+25], [-7419659687.458142, 1028124901.3589945, 357984694.2885425, -3.212505776823924e+16, -128414122.21582194, 116732473.65778747, 4.424656676090408e+24], [8.808901786089398e+17, 4043700566583473.0, -3.212505776823924e+16, 7.747932644628702e+24, 2.952788095956414e+16, -2.2729754413791104e+16, -2.0463815794016934e+33], [3427601134.139993, 103003744.05470017, -128414122.21582194, 2.952788095956414e+16, 122740777.63268231, -77727013.48449327, -1.0260315383968894e+25], [-4228315504.6077895, 419134005.55432063, 116732473.65778747, -2.2729754413791104e+16, -77727013.48449329, 100292993.05216442, -1.101161360589471e+23], [6.797946953903788e+25, -8.224054273260536e+25, 4.424656676090408e+24, -2.0463815794016934e+33, -1.0260315383968894e+25, -1.101161360589471e+23, 2.0408400776409058e+42]]
sigma_dmb
from cov matrix =
2.184822146637497e-21
2-sigma =
5.4183589236609925e-21
2-sigma zack's method =
3.397888151506261e-21