n-power=
0
dm_mass=
0.0001
stepsize =
2e-27
fisher matrix =
[[40312360224.58108, -7366609584.176529, -1401873947.8174148, 1.491573327577693e+17, 482628117.2138655, -885331362.3243467, 3.597486647882859e+33], [-7366609584.176529, 3798357948.6697364, 215942365.4393903, 3.954022658174082e+16, 218693135.9005992, 110011232.10191569, -4.8135389908451824e+33], [-1401873947.8174148, 215942365.4393903, 105892441.6132205, -1.0290655695388452e+16, -39757253.66155561, 29283834.743676975, 2.741014828430094e+32], [1.491573327577693e+17, 3.954022658174082e+16, -1.0290655695388452e+16, 3.48994274287534e+24, 1.2954463850662194e+16, -7974749921315457.0, -1.2367998302698297e+41], [482628117.2138655, 218693135.90059918, -39757253.6615556, 1.2954463850662194e+16, 54128867.473838836, -23056707.692575853, -6.125880507630102e+32], [-885331362.3243469, 110011232.10191569, 29283834.743676975, -7974749921315457.0, -23056707.692575853, 35076981.51054808, 4.506058932163848e+30], [3.597486647882859e+33, -4.8135389908451824e+33, 2.741014828430094e+32, -1.2367998302698297e+41, -6.125880507630102e+32, 4.506058932163848e+30, 1.0652113822999383e+58]]
sigma_dmb
from cov matrix =
3.7751020641037013e-29
2-sigma =
9.362253118977179e-29
2-sigma zack's method =
