n-power=
0
dm_mass=
0.001
stepsize =
7.09626778467151e-27
fisher matrix =
[[40683583215.760025, -7587823760.72904, -1390996494.188224, 1.4353373118043928e+17, 441953346.1626357, -885118601.4627055, 3.472267170278042e+33], [-7587823760.72904, 3790376039.0938087, 218441377.3113986, 3.941725849594056e+16, 231426210.0293548, 110071650.94545731, -4.05191601742746e+33], [-1390996494.1882238, 218441377.3113986, 105605180.9716939, -1.022873584733278e+16, -40177212.85134383, 29257643.87207387, 2.2705179557742388e+32], [1.4353373118043928e+17, 3.941725849594057e+16, -1.022873584733278e+16, 3.4899190902843307e+24, 1.329479817837205e+16, -7974186082339867.0, -1.0455336136344375e+41], [441953346.1626357, 231426210.02935487, -40177212.85134384, 1.329479817837205e+16, 57658518.16040457, -23056562.754476428, -5.462954326029221e+32], [-885118601.4627057, 110071650.94545731, 29257643.87207387, -7974186082339867.0, -23056562.754476428, 35069103.86118678, 4.5954785055411176e+30], [3.472267170278042e+33, -4.05191601742746e+33, 2.2705179557742388e+32, -1.0455336136344375e+41, -5.462954326029221e+32, 4.5954785055411176e+30, 7.79099652931133e+57]]
sigma_dmb
from cov matrix =
4.4376256433723925e-29
2-sigma =
1.1005311595563533e-28
2-sigma zack's method =
6.901674797672316e-29