n-power=
0
dm_mass=
0.01
stepsize =
1.0023744672545445e-26
fisher matrix =
[[40683583215.760025, -7587823760.72904, -1390996494.188224, 1.4353373118043928e+17, 441953346.1626357, -885118601.4627055, 2.0046370331909746e+33], [-7587823760.72904, 3790376039.0938087, 218441377.3113986, 3.941725849594056e+16, 231426210.0293548, 110071650.94545731, -2.3914596117336902e+33], [-1390996494.1882238, 218441377.3113986, 105605180.9716939, -1.022873584733278e+16, -40177212.85134383, 29257643.87207387, 1.3570505504274332e+32], [1.4353373118043928e+17, 3.941725849594057e+16, -1.022873584733278e+16, 3.4899190902843307e+24, 1.329479817837205e+16, -7974186082339867.0, -6.225712581718211e+40], [441953346.1626357, 231426210.02935487, -40177212.85134384, 1.329479817837205e+16, 57658518.16040457, -23056562.754476428, -3.2416115574153163e+32], [-885118601.4627057, 110071650.94545731, 29257643.87207387, -7974186082339867.0, -23056562.754476428, 35069103.86118678, 4.497943978726924e+30], [2.0046370331909746e+33, -2.3914596117336902e+33, 1.3570505504274332e+32, -6.225712581718211e+40, -3.2416115574153163e+32, 4.497943978726923e+30, 2.717089498576236e+57]]
sigma_dmb
from cov matrix =
7.590796139616113e-29
2-sigma =
1.8825174426247961e-28
2-sigma zack's method =
1.1801919853405713e-28