n-power=
0
dm_mass=
0.1
stepsize =
1.415891568768276e-26
fisher matrix =
[[40683583215.760025, -7587823760.72904, -1390996494.188224, 1.4353373118043928e+17, 441953346.1626357, -885118601.4627055, 1.1603394060004174e+33], [-7587823760.72904, 3790376039.0938087, 218441377.3113986, 3.941725849594056e+16, 231426210.0293548, 110071650.94545731, -1.4347301667851917e+33], [-1390996494.1882238, 218441377.3113986, 105605180.9716939, -1.022873584733278e+16, -40177212.85134383, 29257643.87207387, 8.294392096543471e+31], [1.4353373118043928e+17, 3.941725849594057e+16, -1.022873584733278e+16, 3.4899190902843307e+24, 1.329479817837205e+16, -7974186082339867.0, -3.785324759204696e+40], [441953346.1626357, 231426210.02935487, -40177212.85134384, 1.329479817837205e+16, 57658518.16040457, -23056562.754476428, -1.9582094059059548e+32], [-885118601.4627057, 110071650.94545731, 29257643.87207387, -7974186082339867.0, -23056562.754476428, 35069103.86118678, 4.2990600395051623e+30], [1.1603394060004174e+33, -1.4347301667851917e+33, 8.294392096543471e+31, -3.785324759204696e+40, -1.9582094059059548e+32, 4.299060039505162e+30, 9.722606597576838e+56]]
sigma_dmb
from cov matrix =
1.328582064895766e-28
2-sigma =
3.2948835209414996e-28
2-sigma zack's method =
2.06541366882967e-28