n-power=
0
dm_mass=
1000
stepsize =
5.636765862528908e-26
fisher matrix =
[[40683583215.760025, -7587823760.72904, -1390996494.188224, 1.4353373118043928e+17, 441953346.1626357, -885118601.4627055, 9.912944485087974e+29], [-7587823760.72904, 3790376039.0938087, 218441377.3113986, 3.941725849594056e+16, 231426210.0293548, 110071650.94545731, -1.2402136738155246e+30], [-1390996494.1882238, 218441377.3113986, 105605180.9716939, -1.022873584733278e+16, -40177212.85134383, 29257643.87207387, 7.227487569258544e+28], [1.4353373118043928e+17, 3.941725849594057e+16, -1.022873584733278e+16, 3.4899190902843307e+24, 1.329479817837205e+16, -7974186082339867.0, -3.2873558265714326e+37], [441953346.1626357, 231426210.02935487, -40177212.85134384, 1.329479817837205e+16, 57658518.16040457, -23056562.754476428, -1.697470632393543e+29], [-885118601.4627057, 110071650.94545731, 29257643.87207387, -7974186082339867.0, -23056562.754476428, 35069103.86118678, 4.171448383977188e+27], [9.912944485087974e+29, -1.2402136738155246e+30, 7.227487569258544e+28, -3.2873558265714326e+37, -1.697470632393543e+29, 4.171448383977188e+27, 7.273593391597314e+50]]
sigma_dmb
from cov matrix =
1.5413036525186925e-25
2-sigma =
3.822433058246357e-25
2-sigma zack's method =
2.398283794951688e-25