n-power=
0
dm_mass=
100
stepsize =
3.990524629937759e-26
fisher matrix =
[[40683583215.760025, -7587823760.72904, -1390996494.188224, 1.4353373118043928e+17, 441953346.1626357, -885118601.4627055, 9.646199586324656e+30], [-7587823760.72904, 3790376039.0938087, 218441377.3113986, 3.941725849594056e+16, 231426210.0293548, 110071650.94545731, -1.2244125196981647e+31], [-1390996494.1882238, 218441377.3113986, 105605180.9716939, -1.022873584733278e+16, -40177212.85134383, 29257643.87207387, 7.17597984267147e+29], [1.4353373118043928e+17, 3.941725849594057e+16, -1.022873584733278e+16, 3.4899190902843307e+24, 1.329479817837205e+16, -7974186082339867.0, -3.2591760084924977e+38], [441953346.1626357, 231426210.02935487, -40177212.85134384, 1.329479817837205e+16, 57658518.16040457, -23056562.754476428, -1.680900418739072e+30], [-885118601.4627057, 110071650.94545731, 29257643.87207387, -7974186082339867.0, -23056562.754476428, 35069103.86118678, 4.582610727724194e+28], [9.646199586324656e+30, -1.2244125196981647e+31, 7.17597984267147e+29, -3.2591760084924977e+38, -1.680900418739072e+30, 4.582610727724194e+28, 7.100897973041704e+52]]
sigma_dmb
from cov matrix =
1.5657135754616956e-26
2-sigma =
3.882969667145005e-26
2-sigma zack's method =
2.4361017218842008e-26