n-power=
0
dm_mass=
10
stepsize =
2.8250750892455087e-26
fisher matrix =
[[40683583215.760025, -7587823760.72904, -1390996494.188224, 1.4353373118043928e+17, 441953346.1626357, -885118601.4627055, 8.747815355798635e+31], [-7587823760.72904, 3790376039.0938087, 218441377.3113986, 3.941725849594056e+16, 231426210.0293548, 110071650.94545731, -1.1110378770327492e+32], [-1390996494.1882238, 218441377.3113986, 105605180.9716939, -1.022873584733278e+16, -40177212.85134383, 29257643.87207387, 6.510481165153379e+30], [1.4353373118043928e+17, 3.941725849594057e+16, -1.022873584733278e+16, 3.4899190902843307e+24, 1.329479817837205e+16, -7974186082339867.0, -2.959118309423717e+39], [441953346.1626357, 231426210.02935487, -40177212.85134384, 1.329479817837205e+16, 57658518.16040457, -23056562.754476428, -1.5250530351945227e+31], [-885118601.4627057, 110071650.94545731, 29257643.87207387, -7974186082339867.0, -23056562.754476428, 35069103.86118678, 4.225313241892608e+29], [8.747815355798635e+31, -1.1110378770327492e+32, 6.510481165153379e+30, -2.959118309423717e+39, -1.5250530351945227e+31, 4.225313241892608e+29, 5.833639252008461e+54]]
sigma_dmb
from cov matrix =
1.7438839042765426e-27
2-sigma =
4.3248320826058254e-27
2-sigma zack's method =
2.7116322093054427e-27