n-power=
0
dm_mass=
1
stepsize =
2e-26
fisher matrix =
[[40312360224.58108, -7366609584.176529, -1401873947.8174148, 1.491573327577693e+17, 482628117.2138655, -885331362.3243467, 3.1132501367136707e+32], [-7366609584.176529, 3798357948.6697364, 215942365.4393903, 3.954022658174082e+16, 218693135.9005992, 110011232.10191569, -4.819757257251638e+32], [-1401873947.8174148, 215942365.4393903, 105892441.6132205, -1.0290655695388452e+16, -39757253.66155561, 29283834.743676975, 2.9244607141306414e+31], [1.491573327577693e+17, 3.954022658174082e+16, -1.0290655695388452e+16, 3.48994274287534e+24, 1.2954463850662194e+16, -7974749921315457.0, -1.2984336287415898e+40], [482628117.2138655, 218693135.90059918, -39757253.6615556, 1.2954463850662194e+16, 54128867.473838836, -23056707.692575853, -6.30120693953755e+31], [-885331362.3243469, 110011232.10191569, 29283834.743676975, -7974749921315457.0, -23056707.692575853, 35076981.51054808, 2.357894037622974e+30], [3.1132501367136707e+32, -4.819757257251638e+32, 2.9244607141306414e+31, -1.2984336287415898e+40, -6.30120693953755e+31, 2.357894037622974e+30, 1.05398344859135e+56]]
sigma_dmb
from cov matrix =
4.557385850753485e-28
2-sigma =
1.1302316909868643e-27
2-sigma zack's method =
7.090994638442429e-28