n-power=
0
dm_mass=
0.0001
stepsize =
2e-27
fisher matrix =
[[89053004059.43597, -14934039028.019135, -2940885090.4300942, 2.802243714152171e+17, 1439387238.7181916, -1829765163.669855, 2.7971600051789936e+32], [-14934039028.019136, 7723175693.371375, 409376095.52209485, 1.6377879465343898e+17, -231079982.89906472, 209106563.68674743, -5.130660032207362e+32], [-2940885090.4300947, 409376095.52209485, 227128763.07496467, -2.761015268097122e+16, -33869122.070339784, 55579902.966959886, 2.925020574439526e+31], [2.802243714152171e+17, 1.6377879465343898e+17, -2.761015268097122e+16, 1.3049938450145515e+25, 2050827282586949.5, -1.457540694673369e+16, -1.8218815633274926e+40], [1439387238.7181916, -231079982.89906472, -33869122.070339784, 2050827282586948.8, 60118198.784814075, -42876207.81991908, -2.641590227992787e+31], [-1829765163.669855, 209106563.68674743, 55579902.966959886, -1.457540694673369e+16, -42876207.81991908, 64308617.49249772, 5.254737885401149e+30], [2.7971600051789936e+32, -5.130660032207362e+32, 2.925020574439526e+31, -1.8218815633274926e+40, -2.641590227992787e+31, 5.254737885401149e+30, 1.4751283972985358e+56]]
sigma_dmb
from cov matrix =
1.2747970244500068e-28
2-sigma =
3.1614966206360167e-28
2-sigma zack's method =
1.982681998292818e-28