n-power=
0
dm_mass=
0.001
stepsize =
7.09626778467151e-27
fisher matrix =
[[89053004059.43597, -14934039028.019135, -2940885090.4300942, 2.802243714152171e+17, 1439387238.7181916, -1829765163.669855, 1.2396384694926587e+32], [-14934039028.019136, 7723175693.371375, 409376095.52209485, 1.6377879465343898e+17, -231079982.89906472, 209106563.68674743, -3.6364555045095145e+32], [-2940885090.4300947, 409376095.52209485, 227128763.07496467, -2.761015268097122e+16, -33869122.070339784, 55579902.966959886, 2.3347096529466196e+31], [2.802243714152171e+17, 1.6377879465343898e+17, -2.761015268097122e+16, 1.3049938450145515e+25, 2050827282586949.5, -1.457540694673369e+16, -1.3848836646372082e+40], [1439387238.7181916, -231079982.89906472, -33869122.070339784, 2050827282586948.8, 60118198.784814075, -42876207.81991908, -1.9984557033946464e+31], [-1829765163.669855, 209106563.68674743, 55579902.966959886, -1.457540694673369e+16, -42876207.81991908, 64308617.49249772, 6.205862443198026e+30], [1.2396384694926587e+32, -3.6364555045095145e+32, 2.3347096529466196e+31, -1.3848836646372082e+40, -1.9984557033946464e+31, 6.205862443198026e+30, 7.083041270419893e+55]]
sigma_dmb
from cov matrix =
1.935151286696161e-28
2-sigma =
4.799175191006479e-28
2-sigma zack's method =
3.0094530800618816e-28