n-power=
0
dm_mass=
0.01
stepsize =
1.0023744672545445e-26
fisher matrix =
[[89053004059.43597, -14934039028.019135, -2940885090.4300942, 2.802243714152171e+17, 1439387238.7181916, -1829765163.669855, -3.979486469956328e+30], [-14934039028.019136, 7723175693.371375, 409376095.52209485, 1.6377879465343898e+17, -231079982.89906472, 209106563.68674743, -2.3634474693804327e+32], [-2940885090.4300947, 409376095.52209485, 227128763.07496467, -2.761015268097122e+16, -33869122.070339784, 55579902.966959886, 1.8504696433172864e+31], [2.802243714152171e+17, 1.6377879465343898e+17, -2.761015268097122e+16, 1.3049938450145515e+25, 2050827282586949.5, -1.457540694673369e+16, -1.0113174949702194e+40], [1439387238.7181916, -231079982.89906472, -33869122.070339784, 2050827282586948.8, 60118198.784814075, -42876207.81991908, -1.467861481900269e+31], [-1829765163.669855, 209106563.68674743, 55579902.966959886, -1.457540694673369e+16, -42876207.81991908, 64308617.49249772, 6.977365785186741e+30], [-3.979486469956321e+30, -2.3634474693804327e+32, 1.8504696433172864e+31, -1.0113174949702194e+40, -1.467861481900269e+31, 6.977365785186741e+30, 2.9489636066890766e+55]]
sigma_dmb
from cov matrix =
3.234207552794087e-28
2-sigma =
8.020834730929335e-28
2-sigma zack's method =
5.033978990785917e-28