n-power=
0
dm_mass=
0.1
stepsize =
1.415891568768276e-26
fisher matrix =
[[89053004059.43597, -14934039028.019135, -2940885090.4300942, 2.802243714152171e+17, 1439387238.7181916, -1829765163.669855, -6.866061899195002e+31], [-14934039028.019136, 7723175693.371375, 409376095.52209485, 1.6377879465343898e+17, -231079982.89906472, 209106563.68674743, -1.6623605983928667e+32], [-2940885090.4300947, 409376095.52209485, 227128763.07496467, -2.761015268097122e+16, -33869122.070339784, 55579902.966959886, 1.5491358473623252e+31], [2.802243714152171e+17, 1.6377879465343898e+17, -2.761015268097122e+16, 1.3049938450145515e+25, 2050827282586949.5, -1.457540694673369e+16, -7.939255946251404e+39], [1439387238.7181916, -231079982.89906472, -33869122.070339784, 2050827282586948.8, 60118198.784814075, -42876207.81991908, -1.1658028597144577e+31], [-1829765163.669855, 209106563.68674743, 55579902.966959886, -1.457540694673369e+16, -42876207.81991908, 64308617.49249772, 7.118948997024426e+30], [-6.866061899195003e+31, -1.6623605983928667e+32, 1.5491358473623252e+31, -7.939255946251404e+39, -1.1658028597144577e+31, 7.118948997024426e+30, 1.4643267410987737e+55]]
sigma_dmb
from cov matrix =
5.063116649758946e-28
2-sigma =
1.2556529291402185e-27
2-sigma zack's method =
7.870444517977525e-28