n-power=
0
dm_mass=
1e-05
stepsize =
2e-27
fisher matrix =
[[89053004059.43597, -14934039028.019135, -2940885090.4300942, 2.802243714152171e+17, 1439387238.7181916, -1829765163.669855, 6.455971519222501e+32], [-14934039028.019136, 7723175693.371375, 409376095.52209485, 1.6377879465343898e+17, -231079982.89906472, 209106563.68674743, -9.990416925777735e+32], [-2940885090.4300947, 409376095.52209485, 227128763.07496467, -2.761015268097122e+16, -33869122.070339784, 55579902.966959886, 5.209522116421387e+31], [2.802243714152171e+17, 1.6377879465343898e+17, -2.761015268097122e+16, 1.3049938450145515e+25, 2050827282586949.5, -1.457540694673369e+16, -3.391408218393045e+40], [1439387238.7181916, -231079982.89906472, -33869122.070339784, 2050827282586948.8, 60118198.784814075, -42876207.81991908, -4.928625087857287e+31], [-1829765163.669855, 209106563.68674743, 55579902.966959886, -1.457540694673369e+16, -42876207.81991908, 64308617.49249772, 6.237491197652746e+30], [6.4559715192225024e+32, -9.990416925777735e+32, 5.209522116421387e+31, -3.391408218393045e+40, -4.928625087857287e+31, 6.237491197652746e+30, 5.5764784675081745e+56]]
sigma_dmb
from cov matrix =
6.491534312778923e-29
2-sigma =
1.6099005095691729e-28
2-sigma zack's method =
1.0101144799686568e-28