n-power=
4
dm_mass=
1
stepsize =
6e-13
fisher matrix =
[[62435019269.06457, -7271929830.660602, -1875245167.0401006, 3.6048282031410426e+17, 1074428855.531571, -1602946933.6289818, 1.406174404024421e+19], [-7271929830.660601, 3217728520.5165286, 138867692.781727, 2.488395914434813e+16, 166861072.19249958, 148385005.5035878, -2.022493118509446e+19], [-1875245167.0401006, 138867692.78172702, 98947140.63443714, -1.7383988945530678e+16, -57760917.67996694, 53670411.88423835, 1.2717759434715745e+18], [3.6048282031410426e+17, 2.488395914434813e+16, -1.7383988945530676e+16, 5.707198467411646e+24, 1.83629819007096e+16, -1.6036006731384282e+16, -5.614499154757962e+26], [1074428855.531571, 166861072.19249958, -57760917.67996695, 1.8362981900709596e+16, 66866587.03619632, -43778911.84919887, -2.684969382323057e+18], [-1602946933.6289818, 148385005.5035878, 53670411.88423835, -1.6036006731384282e+16, -43778911.84919887, 64320031.98228094, 1.1387822709027659e+17], [1.406174404024421e+19, -2.022493118509446e+19, 1.2717759434715745e+18, -5.614499154757962e+26, -2.684969382323057e+18, 1.1387822709027659e+17, 2.3135615155280417e+29]]
sigma_dmb
from cov matrix =
5.392087559904948e-15
2-sigma =
1.337237714856427e-14
2-sigma zack's method =
8.3855104669345e-15