n-power=
4
dm_mass=
0.0001
stepsize =
2e-20
fisher matrix =
[[3584147641.2863207, -1800433734.8818953, -88668523.67609839, -1.5657911380126016e+16, -94903788.1324267, -72055595.60349812, 3.997177990367028e+26], [-1800433734.8818953, 1750787881.9506576, -29201887.856971662, 3.5953828320539868e+16, 176067015.4240997, 16563574.933011431, -5.154847302982413e+26], [-88668523.67609839, -29201887.856971655, 20247033.28831126, -3066566765812936.5, -12649776.88391743, 3649638.1059464784, 2.9025763491679086e+25], [-1.5657911380126016e+16, 3.5953828320539868e+16, -3066566765812936.5, 1.4418250451910467e+24, 5585324937608545.0, -1801522690384533.0, -1.3047355312649854e+34], [-94903788.1324267, 176067015.4240997, -12649776.88391743, 5585324937608545.0, 24887173.29381523, -3686809.974521073, -6.566123966046624e+25], [-72055595.6034981, 16563574.933011431, 3649638.1059464784, -1801522690384533.0, -3686809.974521073, 7917801.968955774, -7.225617632533915e+22], [3.997177990367028e+26, -5.154847302982413e+26, 2.9025763491679086e+25, -1.3047355312649854e+34, -6.566123966046624e+25, -7.225617632533915e+22, 2.1306694153545077e+44]]
sigma_dmb
from cov matrix =
2.2782672394640596e-22
2-sigma =
5.650102753870868e-22
2-sigma zack's method =
3.546847153108146e-22