n-power=
4
dm_mass=
0.01
stepsize =
1.8973665961010275e-15
fisher matrix =
[[3584147641.2863207, -1800433734.8818953, -88668523.67609839, -1.5657911380126016e+16, -94903788.1324267, -72055595.60349812, 1.5504608005614943e+22], [-1800433734.8818953, 1750787881.9506576, -29201887.856971662, 3.5953828320539868e+16, 176067015.4240997, 16563574.933011431, -1.980369536017899e+22], [-88668523.67609839, -29201887.856971655, 20247033.28831126, -3066566765812936.5, -12649776.88391743, 3649638.1059464784, 1.1111546508796352e+21], [-1.5657911380126016e+16, 3.5953828320539868e+16, -3066566765812936.5, 1.4418250451910467e+24, 5585324937608545.0, -1801522690384533.0, -5.011353181317002e+29], [-94903788.1324267, 176067015.4240997, -12649776.88391743, 5585324937608545.0, 24887173.29381523, -3686809.974521073, -2.5065060185463435e+21], [-72055595.6034981, 16563574.933011431, 3649638.1059464784, -1801522690384533.0, -3686809.974521073, 7917801.968955774, -6.412910202980569e+18], [1.5504608005614943e+22, -1.980369536017899e+22, 1.1111546508796352e+21, -5.011353181317002e+29, -2.5065060185463435e+21, -6.412910202980567e+18, 3.0039753699287304e+35]]
sigma_dmb
from cov matrix =
7.087795976157817e-18
2-sigma =
1.7577734020871386e-17
2-sigma zack's method =
1.1027964611056801e-17