n-power=
4
dm_mass=
0.1
stepsize =
3.374047951142095e-14
fisher matrix =
[[3584147641.2863207, -1800433734.8818953, -88668523.67609839, -1.5657911380126016e+16, -94903788.1324267, -72055595.60349812, 2.8573129443194103e+20], [-1800433734.8818953, 1750787881.9506576, -29201887.856971662, 3.5953828320539868e+16, 176067015.4240997, 16563574.933011431, -3.6798455190999676e+20], [-88668523.67609839, -29201887.856971655, 20247033.28831126, -3066566765812936.5, -12649776.88391743, 3649638.1059464784, 2.0708259363370906e+19], [-1.5657911380126016e+16, 3.5953828320539868e+16, -3066566765812936.5, 1.4418250451910467e+24, 5585324937608545.0, -1801522690384533.0, -9.313496175059994e+27], [-94903788.1324267, 176067015.4240997, -12649776.88391743, 5585324937608545.0, 24887173.29381523, -3686809.974521073, -4.6828660132625195e+19], [-72055595.6034981, 16563574.933011431, 3649638.1059464784, -1801522690384533.0, -3686809.974521073, 7917801.968955774, -6.18077443347826e+16], [2.8573129443194103e+20, -3.6798455190999676e+20, 2.0708259363370906e+19, -9.313496175059994e+27, -4.6828660132625195e+19, -6.18077443347826e+16, 1.0781461357730782e+32]]
sigma_dmb
from cov matrix =
3.2703644168670663e-16
2-sigma =
8.110503753830325e-16
2-sigma zack's method =
5.089477903091356e-16