n-power=
4
dm_mass=
1000
stepsize =
3.3740479511420946e-09
fisher matrix =
[[3584147641.2863207, -1800433734.8818953, -88668523.67609839, -1.5657911380126016e+16, -94903788.1324267, -72055595.60349812, 5069957232492227.0], [-1800433734.8818953, 1750787881.9506576, -29201887.856971662, 3.5953828320539868e+16, 176067015.4240997, 16563574.933011431, -6490970325818598.0], [-88668523.67609839, -29201887.856971655, 20247033.28831126, -3066566765812936.5, -12649776.88391743, 3649638.1059464784, 364436825054643.75], [-1.5657911380126016e+16, 3.5953828320539868e+16, -3066566765812936.5, 1.4418250451910467e+24, 5585324937608545.0, -1801522690384533.0, -1.646125721771962e+23], [-94903788.1324267, 176067015.4240997, -12649776.88391743, 5585324937608545.0, 24887173.29381523, -3686809.974521073, -821065186533028.6], [-72055595.6034981, 16563574.933011431, 3649638.1059464784, -1801522690384533.0, -3686809.974521073, 7917801.968955774, -1025673989019.2744], [5069957232492227.0, -6490970325818598.0, 364436825054643.75, -1.646125721771962e+23, -821065186533028.6, -1025673989019.2744, 3.196969497619222e+22]]
sigma_dmb
from cov matrix =
2.2400295499678228e-11
2-sigma =
5.5552732839202e-11
2-sigma zack's method =
