n-power=
4
dm_mass=
100
stepsize =
1.8973665961010278e-10
fisher matrix =
[[3584147641.2863207, -1800433734.8818953, -88668523.67609839, -1.5657911380126016e+16, -94903788.1324267, -72055595.60349812, 6.111553932361103e+16], [-1800433734.8818953, 1750787881.9506576, -29201887.856971662, 3.5953828320539868e+16, 176067015.4240997, 16563574.933011431, -7.837992721541024e+16], [-88668523.67609839, -29201887.856971655, 20247033.28831126, -3066566765812936.5, -12649776.88391743, 3649638.1059464784, 4403532688144899.0], [-1.5657911380126016e+16, 3.5953828320539868e+16, -3066566765812936.5, 1.4418250451910467e+24, 5585324937608545.0, -1801522690384533.0, -1.9870507713767923e+24], [-94903788.1324267, 176067015.4240997, -12649776.88391743, 5585324937608545.0, 24887173.29381523, -3686809.974521073, -9929656794173216.0], [-72055595.6034981, 16563574.933011431, 3649638.1059464784, -1801522690384533.0, -3686809.974521073, 7917801.968955774, -11530187187010.918], [6.111553932361103e+16, -7.837992721541024e+16, 4403532688144899.0, -1.9870507713767923e+24, -9929656794173216.0, -11530187187010.918, 4.7135076640222857e+24]]
sigma_dmb
from cov matrix =
1.7666152842255921e-12
2-sigma =
4.381205904879468e-12
2-sigma zack's method =
2.748887105359967e-12