n-power=
4
dm_mass=
10
stepsize =
1.0669676460233537e-11
fisher matrix =
[[3584147641.2863207, -1800433734.8818953, -88668523.67609839, -1.5657911380126016e+16, -94903788.1324267, -72055595.60349812, 7.198671601725754e+17], [-1800433734.8818953, 1750787881.9506576, -29201887.856971662, 3.5953828320539868e+16, 176067015.4240997, 16563574.933011431, -9.245382349177047e+17], [-88668523.67609839, -29201887.856971655, 20247033.28831126, -3066566765812936.5, -12649776.88391743, 3649638.1059464784, 5.1969807102233224e+16], [-1.5657911380126016e+16, 3.5953828320539868e+16, -3066566765812936.5, 1.4418250451910467e+24, 5585324937608545.0, -1801522690384533.0, -2.342984915655603e+25], [-94903788.1324267, 176067015.4240997, -12649776.88391743, 5585324937608545.0, 24887173.29381523, -3686809.974521073, -1.1728087923055171e+17], [-72055595.6034981, 16563574.933011431, 3649638.1059464784, -1801522690384533.0, -3686809.974521073, 7917801.968955774, -132281046701791.3], [7.198671601725754e+17, -9.245382349177047e+17, 5.1969807102233224e+16, -2.342984915655603e+25, -1.1728087923055171e+17, -132281046701791.3, 6.625471405598549e+26]]
sigma_dmb
from cov matrix =
1.435870872737447e-13
2-sigma =
3.5609597643888685e-13
2-sigma zack's method =
2.2337269553775612e-13