n-power=
4
dm_mass=
1e-05
stepsize =
2e-22
fisher matrix =
[[3584147641.2863207, -1800433734.8818953, -88668523.67609839, -1.5657911380126016e+16, -94903788.1324267, -72055595.60349812, 4.9141813499920924e+28], [-1800433734.8818953, 1750787881.9506576, -29201887.856971662, 3.5953828320539868e+16, 176067015.4240997, 16563574.933011431, -6.332605911532787e+28], [-88668523.67609839, -29201887.856971655, 20247033.28831126, -3066566765812936.5, -12649776.88391743, 3649638.1059464784, 3.5654235722192354e+27], [-1.5657911380126016e+16, 3.5953828320539868e+16, -3066566765812936.5, 1.4418250451910467e+24, 5585324937608545.0, -1801522690384533.0, -1.603287352016188e+36], [-94903788.1324267, 176067015.4240997, -12649776.88391743, 5585324937608545.0, 24887173.29381523, -3686809.974521073, -8.060734869587853e+27], [-72055595.6034981, 16563574.933011431, 3649638.1059464784, -1801522690384533.0, -3686809.974521073, 7917801.968955774, -8.787841355939027e+24], [4.9141813499920924e+28, -6.332605911532787e+28, 3.5654235722192354e+27, -1.603287352016188e+36, -8.060734869587853e+27, -8.787841355939027e+24, 3.194883642944693e+48]]
sigma_dmb
from cov matrix =
1.896708782606411e-24
2-sigma =
4.703837780863899e-24
2-sigma zack's method =
2.9472729500118748e-24