n-power=
4
dm_mass=
1
stepsize =
6e-13
fisher matrix =
[[3584147641.2863207, -1800433734.8818953, -88668523.67609839, -1.5657911380126016e+16, -94903788.1324267, -72055595.60349812, 9.386508715715473e+18], [-1800433734.8818953, 1750787881.9506576, -29201887.856971662, 3.5953828320539868e+16, 176067015.4240997, 16563574.933011431, -1.2080346120101024e+19], [-88668523.67609839, -29201887.856971655, 20247033.28831126, -3066566765812936.5, -12649776.88391743, 3649638.1059464784, 6.795946284412664e+17], [-1.5657911380126016e+16, 3.5953828320539868e+16, -3066566765812936.5, 1.4418250451910467e+24, 5585324937608545.0, -1801522690384533.0, -3.0591600535894904e+26], [-94903788.1324267, 176067015.4240997, -12649776.88391743, 5585324937608545.0, 24887173.29381523, -3686809.974521073, -1.5356838840103905e+18], [-72055595.6034981, 16563574.933011431, 3649638.1059464784, -1801522690384533.0, -3686809.974521073, 7917801.968955774, -1802936525412769.0], [9.386508715715473e+18, -1.2080346120101024e+19, 6.795946284412664e+17, -3.0591600535894904e+26, -1.5356838840103905e+18, -1802936525412768.8, 1.1511006365557143e+29]]
sigma_dmb
from cov matrix =
1.0285246632218036e-14
2-sigma =
2.5507411647900728e-14
2-sigma zack's method =
1.6011093435598536e-14