n-power=
4
dm_mass=
0.001
stepsize =
1.0669676460233537e-16
fisher matrix =
[[256435893581.12686, -29776046383.02648, -7419659687.458143, 8.808901786089398e+17, 3427601134.139993, -4228315504.6077895, 1.8401820705896942e+24], [-29776046383.026478, 8336506467.93758, 1028124901.3589946, 4043700566583479.0, 103003744.05470017, 419134005.55432063, -1.4755390975060137e+24], [-7419659687.458142, 1028124901.3589945, 357984694.2885425, -3.212505776823924e+16, -128414122.21582194, 116732473.65778747, 5.6501311611110565e+22], [8.808901786089398e+17, 4043700566583473.0, -3.212505776823924e+16, 7.747932644628702e+24, 2.952788095956414e+16, -2.2729754413791104e+16, -3.215789439793162e+31], [3427601134.139993, 103003744.05470017, -128414122.21582194, 2.952788095956414e+16, 122740777.63268231, -77727013.48449327, -1.6098611016287988e+23], [-4228315504.6077895, 419134005.55432063, 116732473.65778747, -2.2729754413791104e+16, -77727013.48449329, 100292993.05216442, -1.5443008227295541e+22], [1.8401820705896942e+24, -1.4755390975060137e+24, 5.6501311611110565e+22, -3.215789439793162e+31, -1.6098611016287988e+23, -1.5443008227295541e+22, 5.437495006686764e+38]]
sigma_dmb
from cov matrix =
2.0350656259613844e-19
2-sigma =
5.046962752384233e-19
2-sigma zack's method =
3.1666072924139733e-19