n-power=
4
dm_mass=
0.1
stepsize =
3.374047951142095e-14
fisher matrix =
[[256435893581.12686, -29776046383.02648, -7419659687.458143, 8.808901786089398e+17, 3427601134.139993, -4228315504.6077895, 8.867255301834704e+20], [-29776046383.026478, 8336506467.93758, 1028124901.3589946, 4043700566583479.0, 103003744.05470017, 419134005.55432063, -9.363763096016456e+20], [-7419659687.458142, 1028124901.3589945, 357984694.2885425, -3.212505776823924e+16, -128414122.21582194, 116732473.65778747, 4.721575052707435e+19], [8.808901786089398e+17, 4043700566583473.0, -3.212505776823924e+16, 7.747932644628702e+24, 2.952788095956414e+16, -2.2729754413791104e+16, -2.2590123270991095e+28], [3427601134.139993, 103003744.05470017, -128414122.21582194, 2.952788095956414e+16, 122740777.63268231, -77727013.48449327, -1.1433990655259568e+20], [-4228315504.6077895, 419134005.55432063, 116732473.65778747, -2.2729754413791104e+16, -77727013.48449329, 100292993.05216442, -3.207341336027875e+18], [8.867255301834704e+20, -9.363763096016456e+20, 4.721575052707435e+19, -2.2590123270991095e+28, -1.1433990655259568e+20, -3.207341336027875e+18, 2.6971359902231332e+32]]
sigma_dmb
from cov matrix =
1.706379192892156e-16
2-sigma =
4.2318203983725468e-16
2-sigma zack's method =
2.6551436769330263e-16