n-power=
4
dm_mass=
1000
stepsize =
3.3740479511420946e-09
fisher matrix =
[[256435893581.12686, -29776046383.02648, -7419659687.458143, 8.808901786089398e+17, 3427601134.139993, -4228315504.6077895, 1.3328696216807106e+16], [-29776046383.026478, 8336506467.93758, 1028124901.3589946, 4043700566583479.0, 103003744.05470017, 419134005.55432063, -1.6340617817471096e+16], [-7419659687.458142, 1028124901.3589945, 357984694.2885425, -3.212505776823924e+16, -128414122.21582194, 116732473.65778747, 884145125519867.9], [8.808901786089398e+17, 4043700566583473.0, -3.212505776823924e+16, 7.747932644628702e+24, 2.952788095956414e+16, -2.2729754413791104e+16, -4.0822839069318386e+23], [3427601134.139993, 103003744.05470017, -128414122.21582194, 2.952788095956414e+16, 122740777.63268231, -77727013.48449327, -2041831777536879.8], [-4228315504.6077895, 419134005.55432063, 116732473.65778747, -2.2729754413791104e+16, -77727013.48449329, 100292993.05216442, -17135902860173.322], [1.3328696216807106e+16, -1.6340617817471096e+16, 884145125519867.9, -4.0822839069318386e+23, -2041831777536879.8, -17135902860173.314, 7.996700464595508e+22]]
sigma_dmb
from cov matrix =
1.1369077051680665e-11
2-sigma =
2.819531108816805e-11
2-sigma zack's method =
1.768716775578263e-11