n-power=
4
dm_mass=
10
stepsize =
1.0669676460233537e-11
fisher matrix =
[[256435893581.12686, -29776046383.02648, -7419659687.458143, 8.808901786089398e+17, 3427601134.139993, -4228315504.6077895, 1.972344557153377e+18], [-29776046383.026478, 8336506467.93758, 1028124901.3589946, 4043700566583479.0, 103003744.05470017, 419134005.55432063, -2.3324958866860897e+18], [-7419659687.458142, 1028124901.3589945, 357984694.2885425, -3.212505776823924e+16, -128414122.21582194, 116732473.65778747, 1.244813739452774e+17], [8.808901786089398e+17, 4043700566583473.0, -3.212505776823924e+16, 7.747932644628702e+24, 2.952788095956414e+16, -2.2729754413791104e+16, -5.781513287564865e+25], [3427601134.139993, 103003744.05470017, -128414122.21582194, 2.952788095956414e+16, 122740777.63268231, -77727013.48449327, -2.90417456815877e+17], [-4228315504.6077895, 419134005.55432063, 116732473.65778747, -2.2729754413791104e+16, -77727013.48449329, 100292993.05216442, -3676719133091534.0], [1.972344557153377e+18, -2.3324958866860897e+18, 1.244813739452774e+17, -5.781513287564865e+25, -2.90417456815877e+17, -3676719133091534.0, 1.65705277120498e+27]]
sigma_dmb
from cov matrix =
7.398806247765649e-14
2-sigma =
1.834903949445881e-13
2-sigma zack's method =
1.1515270251253315e-13