n-power=
4
dm_mass=
1
stepsize =
6e-13
fisher matrix =
[[257004680224.34918, -30127166721.34548, -7401589072.410129, 8.722441471809773e+17, 3365050432.2089505, -4227844789.1819334, 4.9809831019824914e+19], [-30127166721.34548, 8325702585.687976, 1032036850.1533803, 3808303120956484.5, 122407110.76634748, 419411110.43853396, -5.1879119714346254e+19], [-7401589072.410129, 1032036850.1533802, 357458985.35337234, -3.2026041696498772e+16, -129045922.0071935, 116670384.50740154, 2.7321823441258757e+18], [8.722441471809773e+17, 3808303120956486.0, -3.2026041696498772e+16, 7.747932644628467e+24, 3.00516319691724e+16, -2.2728388166789692e+16, -1.2915447925848026e+27], [3365050432.2089505, 122407110.76634748, -129045922.0071935, 3.00516319691724e+16, 128171716.61676303, -77725004.95978788, -6.899848575659161e+18], [-4227844789.1819334, 419411110.43853396, 116670384.50740154, -2.2728388166789692e+16, -77725004.95978788, 100275514.97685932, -7.177876603652022e+16], [4.980983101982492e+19, -5.1879119714346254e+19, 2.7321823441258757e+18, -1.2915447925848026e+27, -6.899848575659161e+18, -7.177876603652022e+16, 8.869925928641425e+29]]
sigma_dmb
from cov matrix =
2.8970896243669904e-15
2-sigma =
7.184782268430136e-15
2-sigma zack's method =
4.507439129880853e-15