n-power=
2
dm_mass=
0.0001
stepsize =
1e-23
fisher matrix =
[[284305362.34122974, -61011380.79661474, -18909870.63770958, 663310422725675.9, 2918834.7763865334, -2985232.5376811167, 5.944600161579928e+25], [-61011380.79661473, 33544652.913486823, 7564943.644878147, -1290696407249238.0, -1297922.3108012574, 5683703.67362347, -2.8611792494188417e+25], [-18909870.63770958, 7564943.644878147, 1959768.6381527386, -177633700833382.7, -308460.13796005264, 780913.2891246994, -5.538650324719165e+24], [663310422725676.0, -1290696407249238.0, -177633700833382.66, 1.762373734403774e+23, 182114320142771.88, -774355838333228.1, 4.11493443237324e+33], [2918834.776386533, -1297922.3108012574, -308460.13796005264, 182114320142771.88, 404393.97181107197, -808459.8843466316, 7.115358762863652e+24], [-2985232.537681117, 5683703.67362347, 780913.2891246995, -774355838333228.1, -808459.8843466315, 3468075.5560632213, -1.810812460498053e+25], [5.944600161579928e+25, -2.8611792494188417e+25, -5.538650324719164e+24, 4.11493443237324e+33, 7.115358762863653e+24, -1.810812460498053e+25, 1.5387016232269607e+44]]
sigma_dmb
from cov matrix =
2.616338374577692e-22
2-sigma =
4.0681038737680636e-22