n-power=
2
dm_mass=
0.01
stepsize =
1e-21
fisher matrix =
[[284305362.34122974, -61011380.79661474, -18909870.63770958, 663310422725675.9, 2918834.7763865334, -2985232.5376811167, 3.1756736029069685e+23], [-61011380.79661473, 33544652.913486823, 7564943.644878147, -1290696407249238.0, -1297922.3108012574, 5683703.67362347, -1.5025139570413974e+23], [-18909870.63770958, 7564943.644878147, 1959768.6381527386, -177633700833382.7, -308460.13796005264, 780913.2891246994, -2.9690983295982514e+22], [663310422725676.0, -1290696407249238.0, -177633700833382.66, 1.762373734403774e+23, 182114320142771.88, -774355838333228.1, 2.0396052422537753e+31], [2918834.776386533, -1297922.3108012574, -308460.13796005264, 182114320142771.88, 404393.97181107197, -808459.8843466316, 3.5313919422062695e+22], [-2985232.537681117, 5683703.67362347, 780913.2891246995, -774355838333228.1, -808459.8843466315, 3468075.5560632213, -8.975408580231338e+22], [3.1756736029069685e+23, -1.5025139570413975e+23, -2.969098329598252e+22, 2.0396052422537753e+31, 3.5313919422062695e+22, -8.975408580231338e+22, 3.809105850764278e+39]]
sigma_dmb
from cov matrix =
5.1637500782482766e-20
2-sigma =
8.034949953133097e-20