n-power=
2.0
dm_mass=
0.1
stepsize =
4e-19
fisher matrix =
[[288513283.3155446, -62339813.45384248, -18880812.548323583, 738827545577765.5, 3111475.8544220594, -3305891.4002736025, 6.87618115205431e+22], [-62339813.45384248, 34217853.671669096, 7591472.290584558, -1303275738007589.8, -1321451.14878883, 5727488.511691988, -3.7459548704151104e+22], [-18880812.548323583, 7591472.290584558, 1928507.9520240969, -177048396680976.94, -308534.5714632121, 776791.6234320917, -7.132622941261198e+21], [738827545577765.4, -1303275738007589.2, -177048396680976.94, 1.777531195945265e+23, 184105800417849.78, -779548320177615.1, 4.725749707392575e+30], [3111475.8544220594, -1321451.14878883, -308534.5714632121, 184105800417849.78, 407942.0728714201, -814909.0430604813, 7.681924060425651e+21], [-3305891.4002736015, 5727488.5116919875, 776791.6234320917, -779548320177615.1, -814909.0430604815, 3490380.073714657, -2.0751888677457038e+22], [6.87618115205431e+22, -3.7459548704151104e+22, -7.132622941261197e+21, 4.7257497073925745e+30, 7.681924060425651e+21, -2.0751888677457034e+22, 1.733946977251019e+38]]
sigma_dmeff
from cov matrix =
3.310414232967139e-19
2-sigma =
8.209827297758505e-19
