n-power=
2.0
dm_mass=
1000.0
stepsize =
2e-17
fisher matrix =
[[288513283.3155446, -62339813.45384248, -18880812.548323583, 738827545577765.5, 3111475.8544220594, -3305891.4002736025, 8.470749385490386e+18], [-62339813.45384248, 34217853.671669096, 7591472.290584558, -1303275738007589.8, -1321451.14878883, 5727488.511691988, -5.431415795203702e+18], [-18880812.548323583, 7591472.290584558, 1928507.9520240969, -177048396680976.94, -308534.5714632121, 776791.6234320917, -1.0288358796708618e+18], [738827545577765.4, -1303275738007589.2, -177048396680976.94, 1.777531195945265e+23, 184105800417849.78, -779548320177615.1, 5.869221797495888e+26], [3111475.8544220594, -1321451.14878883, -308534.5714632121, 184105800417849.78, 407942.0728714201, -814909.0430604813, 8.789629729629524e+17], [-3305891.4002736015, 5727488.5116919875, 776791.6234320917, -779548320177615.1, -814909.0430604815, 3490380.073714657, -2.5771759508832445e+18], [8.470749385490386e+18, -5.431415795203702e+18, -1.0288358796708618e+18, 5.869221797495888e+26, 8.789629729629524e+17, -2.5771759508832445e+18, 2.448623348497286e+30]]
sigma_dmeff
from cov matrix =
3.078993819836567e-15
2-sigma =
7.635904673194686e-15
