n-power=
2
dm_mass=
100
stepsize =
1.8973665961010278e-10
fisher matrix =
[[284305362.34122974, -61011380.79661474, -18909870.63770958, 663310422725675.9, 2918834.7763865334, -2985232.5376811167, -3364663348897119.0], [-61011380.79661473, 33544652.913486823, 7564943.644878147, -1290696407249238.0, -1297922.3108012574, 5683703.67362347, -5083626449934377.0], [-18909870.63770958, 7564943.644878147, 1959768.6381527386, -177633700833382.7, -308460.13796005264, 780913.2891246994, 162009871495657.66], [663310422725676.0, -1290696407249238.0, -177633700833382.66, 1.762373734403774e+23, 182114320142771.88, -774355838333228.1, 4.885272025780688e+23], [2918834.776386533, -1297922.3108012574, -308460.13796005264, 182114320142771.88, 404393.97181107197, -808459.8843466316, -1375015268163668.8], [-2985232.537681117, 5683703.67362347, 780913.2891246995, -774355838333228.1, -808459.8843466315, 3468075.5560632213, -2134107510268489.8], [-3364663348897116.5, -5083626449934377.0, 162009871495657.6, 4.885272025780688e+23, -1375015268163668.8, -2134107510268489.8, 9.204305929459824e+25]]
sigma_dmb
from cov matrix =
1.1703088512388672e-13
2-sigma =
1.819875792491791e-13