n-power=
2.0
dm_mass=
10.0
stepsize =
1.6e-18
fisher matrix =
[[288513283.3155446, -62339813.45384248, -18880812.548323583, 738827545577765.5, 3111475.8544220594, -3305891.4002736025, 8.028765317046065e+20], [-62339813.45384248, 34217853.671669096, 7591472.290584558, -1303275738007589.8, -1321451.14878883, 5727488.511691988, -5.093887283127656e+20], [-18880812.548323583, 7591472.290584558, 1928507.9520240969, -177048396680976.94, -308534.5714632121, 776791.6234320917, -9.703568413219308e+19], [738827545577765.4, -1303275738007589.2, -177048396680976.94, 1.777531195945265e+23, 184105800417849.78, -779548320177615.1, 5.513526723640882e+28], [3111475.8544220594, -1321451.14878883, -308534.5714632121, 184105800417849.78, 407942.0728714201, -814909.0430604813, 8.345449348651357e+19], [-3305891.4002736015, 5727488.5116919875, 776791.6234320917, -779548320177615.1, -814909.0430604815, 3490380.073714657, -2.4210224323045068e+20], [8.028765317046065e+20, -5.0938872831276574e+20, -9.703568413219306e+19, 5.513526723640882e+28, 8.345449348651357e+19, -2.4210224323045068e+20, 2.169250560397328e+34]]
sigma_dmeff
from cov matrix =
3.4959150053403323e-17
2-sigma =
8.669869213244024e-17
