n-power=
2
dm_mass=
1e-05
stepsize =
1e-24
fisher matrix =
[[284377286.72229683, -61111739.97848561, -18903101.7183825, 659035207608472.6, 2920622.7412721864, -2985218.817921303, 8.762404090390126e+26], [-61111739.97848561, 33698251.599707045, 7554156.015874816, -1283699460265280.8, -1303214.3461170702, 5683680.867815896, -4.330504724490482e+26], [-18903101.7183825, 7554156.015874814, 1960538.6689072843, -178138296989380.5, -308013.71297867515, 780914.9433835647, -8.137470301031445e+25], [659035207608472.5, -1283699460265280.5, -178138296989380.5, 1.765702646382906e+23, 181792419590992.0, -774356933770897.8, 6.06419712118054e+34], [2920622.7412721864, -1303214.3461170702, -308013.7129786752, 181792419590992.03, 405041.79634023824, -808458.7752435027, 1.0478179243010423e+26], [-2985218.817921303, 5683680.867815897, 780914.9433835647, -774356933770897.8, -808458.7752435027, 3468075.559675429, -2.6816488466137443e+26], [8.762404090390126e+26, -4.3305047244904825e+26, -8.137470301031445e+25, 6.064197121180541e+34, 1.0478179243010423e+26, -2.6816488466137443e+26, 3.601808225325766e+46]]
sigma_dmb
from cov matrix =
1.3515868926966878e-23
2-sigma =
2.1020134178316295e-23