n-power=
2.0
dm_mass=
1.0
stepsize =
8e-19
fisher matrix =
[[288513283.3155446, -62339813.45384248, -18880812.548323583, 738827545577765.5, 3111475.8544220594, -3305891.4002736025, 6.66668203589158e+21], [-62339813.45384248, 34217853.671669096, 7591472.290584558, -1303275738007589.8, -1321451.14878883, 5727488.511691988, -3.99098952833546e+21], [-18880812.548323583, 7591472.290584558, 1928507.9520240969, -177048396680976.94, -308534.5714632121, 776791.6234320917, -7.609681764736108e+20], [738827545577765.4, -1303275738007589.2, -177048396680976.94, 1.777531195945265e+23, 184105800417849.78, -779548320177615.1, 4.551420399815303e+29], [3111475.8544220594, -1321451.14878883, -308534.5714632121, 184105800417849.78, 407942.0728714201, -814909.0430604813, 7.087012512079624e+20], [-3305891.4002736015, 5727488.5116919875, 776791.6234320917, -779548320177615.1, -814909.0430604815, 3490380.073714657, -1.998586297338615e+21], [6.66668203589158e+21, -3.99098952833546e+21, -7.609681764736108e+20, 4.551420399815303e+29, 7.087012512079624e+20, -1.998586297338615e+21, 1.521289539774698e+36]]
sigma_dmeff
from cov matrix =
3.8953444306112396e-18
2-sigma =
9.660454187915875e-18
