n-power=
4
dm_mass=
0.001
stepsize =
1.0669676460233537e-16
fisher matrix =
[[2167943615.9269233, -516694685.0297029, -142984045.87260818, 1.362326770272057e+16, 42688129.740245536, -60272655.58292045, 9.328419976791097e+21], [-516694685.02970284, 211945056.95475215, 54836133.76206739, -3371906208866146.5, -7508189.083272481, 15234276.38022008, -1.6177203284278696e+21], [-142984045.87260818, 54836133.76206739, 14781184.250096813, -741493836895080.0, -1921125.6705498877, 3238359.9151722905, -3.891168706101353e+20], [1.3623267702720568e+16, -3371906208866147.0, -741493836895080.0, 3.9413436027508373e+23, 771449855338457.2, -1719520543762377.2, 1.4365946848152768e+29], [42688129.740245536, -7508189.083272481, -1921125.6705498875, 771449855338457.2, 1940560.0923062125, -3391521.614820068, 3.778231052506017e+20], [-60272655.58292045, 15234276.38022008, 3238359.9151722905, -1719520543762377.2, -3391521.614820068, 7567802.214501878, -6.439883822044234e+20], [9.328419976791097e+21, -1.6177203284278696e+21, -3.891168706101353e+20, 1.4365946848152768e+29, 3.778231052506017e+20, -6.439883822044233e+20, 8.995717606738072e+34]]
sigma_dmb
from cov matrix =
9.589483959499428e-18
relative_bulk_velocity =
0.0
2-sigma zack's method =
1.4907567120128868e-17