n-power=
4
dm_mass=
0.001
stepsize =
1.0669676460233537e-16
fisher matrix =
[[2166267546.25976, -514699747.1361665, -143106257.28853744, 1.3693642524009776e+16, 42746568.42180874, -60272868.40681675, 9.252687485772464e+21], [-514699747.1361666, 209498334.12307432, 54988956.35899584, -3461513545536788.0, -7559749.6453213245, 15234550.812658137, -1.5319737956131734e+21], [-143106257.2885374, 54988956.35899584, 14771521.059527835, -735763072158030.8, -1918736.684595337, 3238342.228061953, -3.941168158978697e+20], [1.3693642524009776e+16, -3461513545536787.5, -735763072158030.8, 3.9069660181516275e+23, 770548260514535.5, -1719509854048011.5, 1.463166431857328e+29], [42746568.42180874, -7559749.645321325, -1918736.6845953371, 770548260514535.5, 1933119.1329378865, -3391519.883427506, 3.8322516078579116e+20], [-60272868.40681675, 15234550.812658137, 3238342.228061953, -1719509854048011.5, -3391519.883427506, 7567802.181100736, -6.439959872265017e+20], [9.252687485772464e+21, -1.5319737956131734e+21, -3.941168158978697e+20, 1.463166431857328e+29, 3.8322516078579116e+20, -6.439959872265017e+20, 8.21471354057671e+34]]
sigma_dmb
from cov matrix =
1.5712858500742964e-17
relative_bulk_velocity =
0.0
2-sigma zack's method =
2.4445337489038697e-17