n-power=
4
dm_mass=
0.01
stepsize =
1.8973665961010275e-15
fisher matrix =
[[2167943615.9269233, -516694685.0297029, -142984045.87260818, 1.362326770272057e+16, 42688129.740245536, -60272655.58292045, 9.593726395516902e+19], [-516694685.02970284, 211945056.95475215, 54836133.76206739, -3371906208866146.5, -7508189.083272481, 15234276.38022008, -1.5442153735608828e+19], [-142984045.87260818, 54836133.76206739, 14781184.250096813, -741493836895080.0, -1921125.6705498877, 3238359.9151722905, -3.5693704849220756e+18], [1.3623267702720568e+16, -3371906208866147.0, -741493836895080.0, 3.9413436027508373e+23, 771449855338457.2, -1719520543762377.2, 1.421650755600868e+27], [42688129.740245536, -7508189.083272481, -1921125.6705498875, 771449855338457.2, 1940560.0923062125, -3391521.614820068, 3.8381985143646623e+18], [-60272655.58292045, 15234276.38022008, 3238359.9151722905, -1719520543762377.2, -3391521.614820068, 7567802.214501878, -6.441672704052406e+18], [9.593726395516902e+19, -1.5442153735608826e+19, -3.5693704849220756e+18, 1.4216507556008682e+27, 3.8381985143646623e+18, -6.441672704052406e+18, 1.1714007101059867e+31]]
sigma_dmb
from cov matrix =
5.827179629121001e-16
relative_bulk_velocity =
0.0
2-sigma zack's method =
9.065617519521286e-16