n-power=
4
dm_mass=
1000
stepsize =
3.3740479511420946e-09
fisher matrix =
[[2166267546.25976, -514699747.1361665, -143106257.28853744, 1.3693642524009776e+16, 42746568.42180874, -60272868.40681675, 17857057455737.297], [-514699747.1361666, 209498334.12307432, 54988956.35899584, -3461513545536788.0, -7559749.6453213245, 15234550.812658137, -3072160225965.9634], [-143106257.2885374, 54988956.35899584, 14771521.059527835, -735763072158030.8, -1918736.684595337, 3238342.228061953, -785356187933.8228], [1.3693642524009776e+16, -3461513545536787.5, -735763072158030.8, 3.9069660181516275e+23, 770548260514535.5, -1719509854048011.5, 2.858129711216868e+20], [42746568.42180874, -7559749.645321325, -1918736.6845953371, 770548260514535.5, 1933119.1329378865, -3391519.883427506, 740613905255.4067], [-60272868.40681675, 15234550.812658137, 3238342.228061953, -1719509854048011.5, -3391519.883427506, 7567802.181100736, -1257970812512.4456], [17857057455737.297, -3072160225965.9634, -785356187933.8228, 2.858129711216867e+20, 740613905255.4067, -1257970812512.4453, 3.0572338204673254e+17]]
sigma_dmb
from cov matrix =
8.18519688532161e-09
relative_bulk_velocity =
0.0
2-sigma zack's method =
1.2735087767519045e-08