n-power=
4
dm_mass=
1000
stepsize =
3.3740479511420946e-09
fisher matrix =
[[2167943615.9269233, -516694685.0297029, -142984045.87260818, 1.362326770272057e+16, 42688129.740245536, -60272655.58292045, 18139952937198.54], [-516694685.02970284, 211945056.95475215, 54836133.76206739, -3371906208866146.5, -7508189.083272481, 15234276.38022008, -3391889796521.6504], [-142984045.87260818, 54836133.76206739, 14781184.250096813, -741493836895080.0, -1921125.6705498877, 3238359.9151722905, -766782076538.8214], [1.3623267702720568e+16, -3371906208866147.0, -741493836895080.0, 3.9413436027508373e+23, 771449855338457.2, -1719520543762377.2, 2.760131128219901e+20], [42688129.740245536, -7508189.083272481, -1921125.6705498875, 771449855338457.2, 1940560.0923062125, -3391521.614820068, 719460701437.608], [-60272655.58292045, 15234276.38022008, 3238359.9151722905, -1719520543762377.2, -3391521.614820068, 7567802.214501878, -1257942916017.1567], [18139952937198.54, -3391889796521.65, -766782076538.8214, 2.760131128219901e+20, 719460701437.608, -1257942916017.1565, 4.4129441433034925e+17]]
sigma_dmb
from cov matrix =
2.794385726937043e-09
relative_bulk_velocity =
0.0
2-sigma zack's method =
4.347860348086763e-09