n-power=
4
dm_mass=
10
stepsize =
1.0669676460233537e-11
fisher matrix =
[[2167943615.9269233, -516694685.0297029, -142984045.87260818, 1.362326770272057e+16, 42688129.740245536, -60272655.58292045, 2191811338302940.0], [-516694685.02970284, 211945056.95475215, 54836133.76206739, -3371906208866146.5, -7508189.083272481, 15234276.38022008, -393914372437185.94], [-142984045.87260818, 54836133.76206739, 14781184.250096813, -741493836895080.0, -1921125.6705498877, 3238359.9151722905, -88053173672697.64], [1.3623267702720568e+16, -3371906208866147.0, -741493836895080.0, 3.9413436027508373e+23, 771449855338457.2, -1719520543762377.2, 3.2963273794170418e+22], [42688129.740245536, -7508189.083272481, -1921125.6705498875, 771449855338457.2, 1940560.0923062125, -3391521.614820068, 86935978061179.62], [-60272655.58292045, 15234276.38022008, 3238359.9151722905, -1719520543762377.2, -3391521.614820068, 7567802.214501878, -150625486305038.97], [2191811338302940.0, -393914372437186.06, -88053173672697.66, 3.2963273794170418e+22, 86935978061179.62, -150625486305038.97, 6.942714690056362e+21]]
sigma_dmb
from cov matrix =
2.100431229149042e-11
relative_bulk_velocity =
0.0
2-sigma zack's method =
3.267086140435477e-11