n-power=
4
dm_mass=
1e-05
stepsize =
2e-22
fisher matrix =
[[2167943615.9269233, -516694685.0297029, -142984045.87260818, 1.362326770272057e+16, 42688129.740245536, -60272655.58292045, 1.5798882811839773e+26], [-516694685.02970284, 211945056.95475215, 54836133.76206739, -3371906208866146.5, -7508189.083272481, 15234276.38022008, -2.4811218329736915e+25], [-142984045.87260818, 54836133.76206739, 14781184.250096813, -741493836895080.0, -1921125.6705498877, 3238359.9151722905, -5.31465515944475e+24], [1.3623267702720568e+16, -3371906208866147.0, -741493836895080.0, 3.9413436027508373e+23, 771449855338457.2, -1719520543762377.2, 2.2953751872457988e+33], [42688129.740245536, -7508189.083272481, -1921125.6705498875, 771449855338457.2, 1940560.0923062125, -3391521.614820068, 6.281415322257571e+24], [-60272655.58292045, 15234276.38022008, 3238359.9151722905, -1719520543762377.2, -3391521.614820068, 7567802.214501878, -1.057717499395044e+25], [1.5798882811839773e+26, -2.481121832973691e+25, -5.31465515944475e+24, 2.2953751872457988e+33, 6.281415322257571e+24, -1.057717499395044e+25, 4.444031416901216e+43]]
sigma_dmb
from cov matrix =
2.3582540633798386e-22
relative_bulk_velocity =
0.0
2-sigma zack's method =
3.670784785147296e-22