n-power=
4
dm_mass=
1
stepsize =
6e-13
fisher matrix =
[[2167943615.9269233, -516694685.0297029, -142984045.87260818, 1.362326770272057e+16, 42688129.740245536, -60272655.58292045, 2.7588939056315616e+16], [-516694685.02970284, 211945056.95475215, 54836133.76206739, -3371906208866146.5, -7508189.083272481, 15234276.38022008, -4661350066371996.0], [-142984045.87260818, 54836133.76206739, 14781184.250096813, -741493836895080.0, -1921125.6705498877, 3238359.9151722905, -1028813200820922.5], [1.3623267702720568e+16, -3371906208866147.0, -741493836895080.0, 3.9413436027508373e+23, 771449855338457.2, -1719520543762377.2, 4.114857773047502e+23], [42688129.740245536, -7508189.083272481, -1921125.6705498875, 771449855338457.2, 1940560.0923062125, -3391521.614820068, 1100706977393458.5], [-60272655.58292045, 15234276.38022008, 3238359.9151722905, -1719520543762377.2, -3391521.614820068, 7567802.214501878, -1884002680420812.0], [2.7588939056315616e+16, -4661350066371996.0, -1028813200820922.5, 4.114857773047502e+23, 1100706977393458.5, -1884002680420812.0, 1.1909903403370713e+24]]
sigma_dmb
from cov matrix =
1.5322815093240137e-12
relative_bulk_velocity =
0.0
2-sigma zack's method =
2.3833785418954732e-12