n-power=
4
dm_mass=
1
stepsize =
6e-13
fisher matrix =
[[2166267546.25976, -514699747.1361665, -143106257.28853744, 1.3693642524009776e+16, 42746568.42180874, -60272868.40681675, 2.710709313632686e+16], [-514699747.1361666, 209498334.12307432, 54988956.35899584, -3461513545536788.0, -7559749.6453213245, 15234550.812658137, -4117406009531414.0], [-143106257.2885374, 54988956.35899584, 14771521.059527835, -735763072158030.8, -1918736.684595337, 3238342.228061953, -1060347835404391.5], [1.3693642524009776e+16, -3461513545536787.5, -735763072158030.8, 3.9069660181516275e+23, 770548260514535.5, -1719509854048011.5, 4.2805845656932184e+23], [42746568.42180874, -7559749.645321325, -1918736.6845953371, 770548260514535.5, 1933119.1329378865, -3391519.883427506, 1137595597876079.5], [-60272868.40681675, 15234550.812658137, 3238342.228061953, -1719509854048011.5, -3391519.883427506, 7567802.181100736, -1884049717467580.0], [2.7107093136326856e+16, -4117406009531414.0, -1060347835404391.5, 4.2805845656932184e+23, 1137595597876079.2, -1884049717467580.2, 7.539442054084088e+23]]
sigma_dmb
from cov matrix =
4.2565576280960555e-12
relative_bulk_velocity =
0.0
2-sigma zack's method =
6.621283285930484e-12