n-power=
2
dm_mass=
0.001
stepsize =
3.177312938897127e-21
fisher matrix =
[[283869463.56835717, -60997278.374325596, -18912236.779917523, 654900329180176.6, 2957046.9997130386, -2893012.967788466, 1.0897268707267715e+25], [-60997278.374325596, 33585936.82840459, 7561974.710442033, -1281397800119914.0, -1309309.6225795136, 5654817.8806241, -5.90405534135338e+24], [-18912236.779917523, 7561974.710442033, 1960245.5749461956, -179192483598174.44, -305893.4223233945, 787374.855131063, -1.1370473458603645e+24], [654900329180176.8, -1281397800119914.0, -179192483598174.47, 1.7553844158620006e+23, 185714510616030.97, -771430396932691.0, 7.747477748845816e+32], [2957046.9997130386, -1309309.6225795136, -305893.4223233945, 185714510616030.97, 388061.2815816893, -818252.6267549085, 1.2846350273828757e+24], [-2893012.9677884667, 5654817.8806241, 787374.855131063, -771430396932690.9, -818252.6267549086, 3393692.4900117232, -3.415358065101683e+24], [1.0897268707267715e+25, -5.90405534135338e+24, -1.1370473458603644e+24, 7.747477748845816e+32, 1.2846350273828757e+24, -3.415358065101683e+24, 4.929404141222255e+42]]
sigma_dmb
from cov matrix =
1.9642364613786566e-21
relative bulk velocity
0.0
