n-power=
2
dm_mass=
0.0001
stepsize =
1e-23
fisher matrix =
[[283869463.56835717, -60997278.374325596, -18912236.779917523, 654900329180176.6, 2957046.9997130386, -2893012.967788466, 5.890489352717995e+25], [-60997278.374325596, 33585936.82840459, 7561974.710442033, -1281397800119914.0, -1309309.6225795136, 5654817.8806241, -2.820494856550245e+25], [-18912236.779917523, 7561974.710442033, 1960245.5749461956, -179192483598174.44, -305893.4223233945, 787374.855131063, -5.414303903942581e+24], [654900329180176.8, -1281397800119914.0, -179192483598174.47, 1.7553844158620006e+23, 185714510616030.97, -771430396932691.0, 4.0432613255793455e+33], [2957046.9997130386, -1309309.6225795136, -305893.4223233945, 185714510616030.97, 388061.2815816893, -818252.6267549085, 7.052764312284924e+24], [-2893012.9677884667, 5654817.8806241, 787374.855131063, -771430396932690.9, -818252.6267549086, 3393692.4900117232, -1.7836820205936456e+25], [5.890489352717995e+25, -2.820494856550245e+25, -5.414303903942581e+24, 4.0432613255793455e+33, 7.052764312284924e+24, -1.7836820205936456e+25, 1.5525843084758736e+44]]
sigma_dmb
from cov matrix =
2.5761995822114565e-22
relative bulk velocity
0.0
