n-power=
2
dm_mass=
0.0001
stepsize =
1e-23
fisher matrix =
[[334575.508397078, -93091.3484843993, 6716.857322845177, 10043504880910.682, -33146.24175880618, -113658.33044742532, 2.0527844799238646e+21], [-93091.3484843993, 36880.126594313326, -2298.5929317732102, -2899122570641.7554, 10869.702261225888, 21421.548667525785, -2.93405657441158e+21], [6716.857322845177, -2298.5929317732107, 1076.8240604870093, 651167780612.0796, -2965.884780412927, -3755.0378597785266, 2.435081930243848e+20], [10043504880910.682, -2899122570641.7554, 651167780612.0796, 9.033281405086142e+20, -3754667593147.7153, -2983488874610.942, -8.452874269379355e+28], [-33146.24175880618, 10869.702261225888, -2965.884780412927, -3754667593147.7153, 16664.90054540058, 9728.622717154847, 5.7996386964180664e+19], [-113658.33044742531, 21421.54866752579, -3755.037859778526, -2983488874610.942, 9728.622717154847, 75008.55489457533, -2.8643814998969873e+20], [2.052784479923864e+21, -2.93405657441158e+21, 2.435081930243848e+20, -8.452874269379355e+28, 5.799638696418065e+19, -2.8643814998969873e+20, 9.248287373235449e+38]]
sigma_dmb
from cov matrix =
6.706280058834349e-20
relative bulk velocity
0.0
