n-power=
2
dm_mass=
0.001
stepsize =
3.177312938897127e-21
fisher matrix =
[[334575.508397078, -93091.3484843993, 6716.857322845177, 10043504880910.682, -33146.24175880618, -113658.33044742532, 5.718428359389037e+20], [-93091.3484843993, 36880.126594313326, -2298.5929317732102, -2899122570641.7554, 10869.702261225888, 21421.548667525785, -5.299074829507855e+20], [6716.857322845177, -2298.5929317732107, 1076.8240604870093, 651167780612.0796, -2965.884780412927, -3755.0378597785266, 4.3260911223203955e+19], [10043504880910.682, -2899122570641.7554, 651167780612.0796, 9.033281405086142e+20, -3754667593147.7153, -2983488874610.942, 4.5562744939566234e+26], [-33146.24175880618, 10869.702261225888, -2965.884780412927, -3754667593147.7153, 16664.90054540058, 9728.622717154847, -3.920463963851932e+19], [-113658.33044742531, 21421.54866752579, -3755.037859778526, -2983488874610.942, 9728.622717154847, 75008.55489457533, -9.696676140855132e+19], [5.7184283593890385e+20, -5.299074829507855e+20, 4.3260911223203955e+19, 4.556274493956575e+26, -3.920463963851931e+19, -9.696676140855132e+19, 2.1857505445340483e+37]]
sigma_dmb
from cov matrix =
4.41321531205499e-19
relative bulk velocity
0.0
