n-power=
2
dm_mass=
0.01
stepsize =
1e-21
fisher matrix =
[[284204039.0767543, -61090369.72280999, -18905519.922594678, 664943834061087.5, 2923900.7579542357, -3006671.29823589, 3.0345494766778606e+23], [-61090369.72280999, 33622816.95499895, 7559676.117510259, -1284296922690555.5, -1298439.9203182878, 5676239.4292916255, -1.4486919506815127e+23], [-18905519.922594678, 7559676.117510259, 1961322.399006683, -178541315817562.38, -308859.3071038075, 783619.8172712845, -2.8035888097532437e+22], [664943834061087.6, -1284296922690555.5, -178541315817562.38, 1.7644176972670874e+23, 181959843022883.28, -774413885807301.8, 2.02752513662289e+31], [2923900.757954236, -1298439.9203182878, -308859.3071038075, 181959843022883.28, 404726.18212709005, -808524.0040377536, 3.53714983189487e+22], [-3006671.29823589, 5676239.4292916255, 783619.8172712845, -774413885807301.9, -808524.0040377537, 3468701.0449062972, -8.945346872761574e+22], [3.03454947667786e+23, -1.4486919506815127e+23, -2.8035888097532437e+22, 2.0275251366228898e+31, 3.53714983189487e+22, -8.945346872761572e+22, 3.896392364259914e+39]]
sigma_dmb
from cov matrix =
4.7118952366856163e-20
2-sigma =
7.332200980480892e-20