n-power=
2
dm_mass=
0.01
stepsize =
1e-21
fisher matrix =
[[284204039.0767543, -61090369.72280999, -18905519.922594678, 664943834061087.5, 2923900.7579542357, -3006671.29823589, 3.165133450654157e+23], [-61090369.72280999, 33622816.95499895, 7559676.117510259, -1284296922690555.5, -1298439.9203182878, 5676239.4292916255, -1.5022520616034943e+23], [-18905519.922594678, 7559676.117510259, 1961322.399006683, -178541315817562.38, -308859.3071038075, 783619.8172712845, -2.9430033440406413e+22], [664943834061087.6, -1284296922690555.5, -178541315817562.38, 1.7644176972670874e+23, 181959843022883.28, -774413885807301.8, 2.005951175233905e+31], [2923900.757954236, -1298439.9203182878, -308859.3071038075, 181959843022883.28, 404726.18212709005, -808524.0040377536, 3.4779158829243105e+22], [-3006671.29823589, 5676239.4292916255, 783619.8172712845, -774413885807301.9, -808524.0040377537, 3468701.0449062972, -8.852141899133813e+22], [3.165133450654157e+23, -1.5022520616034941e+23, -2.9430033440406417e+22, 2.005951175233905e+31, 3.4779158829243105e+22, -8.852141899133813e+22, 3.790618454159905e+39]]
sigma_dmb
from cov matrix =
4.761278337368287e-20
2-sigma =
7.40383667937124e-20