n-power=
2
dm_mass=
0.01
stepsize =
1e-21
fisher matrix =
[[334575.508397078, -93091.3484843993, 6716.857322845177, 10043504880910.682, -33146.24175880618, -113658.33044742532, 9.700981063415446e+18], [-93091.3484843993, 36880.126594313326, -2298.5929317732102, -2899122570641.7554, 10869.702261225888, 21421.548667525785, -1.4761733994487515e+19], [6716.857322845177, -2298.5929317732107, 1076.8240604870093, 651167780612.0796, -2965.884780412927, -3755.0378597785266, 1.2337146384241418e+18], [10043504880910.682, -2899122570641.7554, 651167780612.0796, 9.033281405086142e+20, -3754667593147.7153, -2983488874610.942, -4.596882431634514e+26], [-33146.24175880618, 10869.702261225888, -2965.884780412927, -3754667593147.7153, 16664.90054540058, 9728.622717154847, 3.804955129968845e+17], [-113658.33044742531, 21421.54866752579, -3755.037859778526, -2983488874610.942, 9728.622717154847, 75008.55489457533, -1.370684291256167e+18], [9.700981063415446e+18, -1.4761733994487517e+19, 1.2337146384241418e+18, -4.596882431634514e+26, 3.804955129968846e+17, -1.370684291256167e+18, 2.4435519914940764e+34]]
sigma_dmb
from cov matrix =
1.2851651203420343e-17
relative bulk velocity
0.0
