n-power=
2
dm_mass=
0.01
stepsize =
1e-21
fisher matrix =
[[283869463.56835717, -60997278.374325596, -18912236.779917523, 654900329180176.6, 2957046.9997130386, -2893012.967788466, 3.034452466867227e+23], [-60997278.374325596, 33585936.82840459, 7561974.710442033, -1281397800119914.0, -1309309.6225795136, 5654817.8806241, -1.4485443333415679e+23], [-18912236.779917523, 7561974.710442033, 1960245.5749461956, -179192483598174.44, -305893.4223233945, 787374.855131063, -2.803712181217086e+22], [654900329180176.8, -1281397800119914.0, -179192483598174.47, 1.7553844158620006e+23, 185714510616030.97, -771430396932691.0, 2.0275711054472064e+31], [2957046.9997130386, -1309309.6225795136, -305893.4223233945, 185714510616030.97, 388061.2815816893, -818252.6267549085, 3.53711178234357e+22], [-2893012.9677884667, 5654817.8806241, 787374.855131063, -771430396932690.9, -818252.6267549086, 3393692.4900117232, -8.945209804332447e+22], [3.034452466867226e+23, -1.4485443333415679e+23, -2.803712181217086e+22, 2.0275711054472062e+31, 3.53711178234357e+22, -8.945209804332446e+22, 3.8963679287399995e+39]]
sigma_dmb
from cov matrix =
5.1928702873766483e-20
relative bulk velocity
0.0
