n-power=
2
dm_mass=
0.1
stepsize =
1.415891568768276e-26
fisher matrix =
[[334575.508397078, -93091.3484843993, 6716.857322845177, 10043504880910.682, -33146.24175880618, -113658.33044742532, -1.3868666886428868e+22], [-93091.3484843993, 36880.126594313326, -2298.5929317732102, -2899122570641.7554, 10869.702261225888, 21421.548667525785, 4.75603578000289e+21], [6716.857322845177, -2298.5929317732107, 1076.8240604870093, 651167780612.0796, -2965.884780412927, -3755.0378597785266, -2.6007848238904436e+20], [10043504880910.682, -2899122570641.7554, 651167780612.0796, 9.033281405086142e+20, -3754667593147.7153, -2983488874610.942, -6.779943104397959e+29], [-33146.24175880618, 10869.702261225888, -2965.884780412927, -3754667593147.7153, 16664.90054540058, 9728.622717154847, 2.43095242716146e+21], [-113658.33044742531, 21421.54866752579, -3755.037859778526, -2983488874610.942, 9728.622717154847, 75008.55489457533, 2.811560243631753e+21], [-1.3868666886428868e+22, 4.75603578000289e+21, -2.6007848238904433e+20, -6.779943104397957e+29, 2.43095242716146e+21, 2.811560243631753e+21, 1.1292872515822282e+39]]
sigma_dmb
from cov matrix =
6.562974616947435e-20
relative bulk velocity
0.0
