n-power=
2
dm_mass=
0.1
stepsize =
7.98104925987552e-20
fisher matrix =
[[283869463.56835717, -60997278.374325596, -18912236.779917523, 654900329180176.6, 2957046.9997130386, -2893012.967788466, 5.212809560422571e+22], [-60997278.374325596, 33585936.82840459, 7561974.710442033, -1281397800119914.0, -1309309.6225795136, 5654817.8806241, -2.8199428640480483e+22], [-18912236.779917523, 7561974.710442033, 1960245.5749461956, -179192483598174.44, -305893.4223233945, 787374.855131063, -5.419898580854175e+21], [654900329180176.8, -1281397800119914.0, -179192483598174.47, 1.7553844158620006e+23, 185714510616030.97, -771430396932691.0, 3.6514777758805365e+30], [2957046.9997130386, -1309309.6225795136, -305893.4223233945, 185714510616030.97, 388061.2815816893, -818252.6267549085, 6.060123927250628e+21], [-2893012.9677884667, 5654817.8806241, 787374.855131063, -771430396932690.9, -818252.6267549086, 3393692.4900117232, -1.6104665906689226e+22], [5.212809560422571e+22, -2.8199428640480487e+22, -5.419898580854174e+21, 3.651477775880537e+30, 6.060123927250627e+21, -1.6104665906689226e+22, 1.115533110428201e+38]]
sigma_dmb
from cov matrix =
3.7483856166803666e-19
relative bulk velocity
0.0
