n-power=
2
dm_mass=
1000.0
stepsize =
6e-18
fisher matrix =
[[284204039.0767543, -61090369.72280999, -18905519.922594678, 664943834061087.5, 2923900.7579542357, -3006671.29823589, 7.94118674427508e+18], [-61090369.72280999, 33622816.95499895, 7559676.117510259, -1284296922690555.5, -1298439.9203182878, 5676239.4292916255, -5.471451272752108e+18], [-18905519.922594678, 7559676.117510259, 1961322.399006683, -178541315817562.38, -308859.3071038075, 783619.8172712845, -1.05332634662669e+18], [664943834061087.6, -1284296922690555.5, -178541315817562.38, 1.7644176972670874e+23, 181959843022883.28, -774413885807301.8, 5.786486181894575e+26], [2923900.757954236, -1298439.9203182878, -308859.3071038075, 181959843022883.28, 404726.18212709005, -808524.0040377536, 8.760284717943444e+17], [-3006671.29823589, 5676239.4292916255, 783619.8172712845, -774413885807301.9, -808524.0040377537, 3468701.0449062972, -2.554550837745122e+18], [7.94118674427508e+18, -5.471451272752106e+18, -1.05332634662669e+18, 5.7864861818945745e+26, 8.760284717943444e+17, -2.554550837745122e+18, 2.530304131224754e+30]]
sigma_dmb
from cov matrix =
2.2976929691851543e-15
2-sigma =
3.57438540146205e-15