n-power=
2
dm_mass=
1000
stepsize =
5.0357016471766674e-17
fisher matrix =
[[283869463.56835717, -60997278.374325596, -18912236.779917523, 654900329180176.6, 2957046.9997130386, -2893012.967788466, 8.600643769173642e+18], [-60997278.374325596, 33585936.82840459, 7561974.710442033, -1281397800119914.0, -1309309.6225795136, 5654817.8806241, -5.571651175298284e+18], [-18912236.779917523, 7561974.710442033, 1960245.5749461956, -179192483598174.44, -305893.4223233945, 787374.855131063, -1.0750443109114038e+18], [654900329180176.8, -1281397800119914.0, -179192483598174.47, 1.7553844158620006e+23, 185714510616030.97, -771430396932691.0, 5.961657295961541e+26], [2957046.9997130386, -1309309.6225795136, -305893.4223233945, 185714510616030.97, 388061.2815816893, -818252.6267549085, 9.097035691625166e+17], [-2893012.9677884667, 5654817.8806241, 787374.855131063, -771430396932690.9, -818252.6267549086, 3393692.4900117232, -2.6312729825971405e+18], [8.600643769173642e+18, -5.571651175298284e+18, -1.0750443109114036e+18, 5.9616572959615406e+26, 9.097035691625166e+17, -2.6312729825971405e+18, 2.659732081560475e+30]]
sigma_dmb
from cov matrix =
2.843375255172231e-15
relative bulk velocity
0.0
