n-power=
2
dm_mass=
10
stepsize =
2.0047489345090887e-18
fisher matrix =
[[283869463.56835717, -60997278.374325596, -18912236.779917523, 654900329180176.6, 2957046.9997130386, -2893012.967788466, 7.784509201740336e+20], [-60997278.374325596, 33585936.82840459, 7561974.710442033, -1281397800119914.0, -1309309.6225795136, 5654817.8806241, -5.12981416590941e+20], [-18912236.779917523, 7561974.710442033, 1960245.5749461956, -179192483598174.44, -305893.4223233945, 787374.855131063, -9.856853780444699e+19], [654900329180176.8, -1281397800119914.0, -179192483598174.47, 1.7553844158620006e+23, 185714510616030.97, -771430396932691.0, 5.471896512433712e+28], [2957046.9997130386, -1309309.6225795136, -305893.4223233945, 185714510616030.97, 388061.2815816893, -818252.6267549085, 8.28201770956664e+19], [-2893012.9677884667, 5654817.8806241, 787374.855131063, -771430396932690.9, -818252.6267549086, 3393692.4900117232, -2.415041401470333e+20], [7.784509201740336e+20, -5.129814165909411e+20, -9.856853780444699e+19, 5.471896512433712e+28, 8.28201770956664e+19, -2.4150414014703334e+20, 2.220741086102824e+34]]
sigma_dmb
from cov matrix =
3.1378101555101225e-17
relative bulk velocity
0.0
