n-power=
2
dm_mass=
10
stepsize =
2.0047489345090887e-18
fisher matrix =
[[284204039.0767543, -61090369.72280999, -18905519.922594678, 664943834061087.5, 2923900.7579542357, -3006671.29823589, 9.082725336970907e+20], [-61090369.72280999, 33622816.95499895, 7559676.117510259, -1284296922690555.5, -1298439.9203182878, 5676239.4292916255, -2.8529473642758295e+20], [-18905519.922594678, 7559676.117510259, 1961322.399006683, -178541315817562.38, -308859.3071038075, 783619.8172712845, -8.870731572727893e+19], [664943834061087.6, -1284296922690555.5, -178541315817562.38, 1.7644176972670874e+23, 181959843022883.28, -774413885807301.8, -3.6893733617114266e+28], [2923900.757954236, -1298439.9203182878, -308859.3071038075, 181959843022883.28, 404726.18212709005, -808524.0040377536, -6.082919694375959e+19], [-3006671.29823589, 5676239.4292916255, 783619.8172712845, -774413885807301.9, -808524.0040377537, 3468701.0449062972, 1.6071695499924213e+20], [9.082725336970907e+20, -2.852947364275829e+20, -8.870731572727893e+19, -3.689373361711427e+28, -6.082919694375959e+19, 1.6071695499924213e+20, 2.5452517944456345e+34]]
sigma_dmb
from cov matrix =
1.9690388029437526e-17
2-sigma =
3.0621686398760164e-17