n-power=
2
dm_mass=
10
stepsize =
2e-18
fisher matrix =
[[284204039.0767543, -61090369.72280999, -18905519.922594678, 664943834061087.5, 2923900.7579542357, -3006671.29823589, 7.754411100324284e+20], [-61090369.72280999, 33622816.95499895, 7559676.117510259, -1284296922690555.5, -1298439.9203182878, 5676239.4292916255, -5.109039805787054e+20], [-18905519.922594678, 7559676.117510259, 1961322.399006683, -178541315817562.38, -308859.3071038075, 783619.8172712845, -9.813688121354373e+19], [664943834061087.6, -1284296922690555.5, -178541315817562.38, 1.7644176972670874e+23, 181959843022883.28, -774413885807301.8, 5.457153794702752e+28], [2923900.757954236, -1298439.9203182878, -308859.3071038075, 181959843022883.28, 404726.18212709005, -808524.0040377536, 8.269653863493255e+19], [-3006671.29823589, 5676239.4292916255, 783619.8172712845, -774413885807301.9, -808524.0040377537, 3468701.0449062972, -2.408675720970243e+20], [7.754411100324284e+20, -5.109039805787054e+20, -9.813688121354373e+19, 5.457153794702752e+28, 8.269653863493255e+19, -2.408675720970243e+20, 2.2130462691833883e+34]]
sigma_dmb
from cov matrix =
2.8206595463425334e-17
2-sigma =
4.3907457736719917e-17