n-power=
2
dm_mass=
1e-06
stepsize =
5e-26
fisher matrix =
[[283869463.56835717, -60997278.374325596, -18912236.779917523, 654900329180176.6, 2957046.9997130386, -2893012.967788466, 9.778780641967095e+27], [-60997278.374325596, 33585936.82840459, 7561974.710442033, -1281397800119914.0, -1309309.6225795136, 5654817.8806241, -4.921469990860425e+27], [-18912236.779917523, 7561974.710442033, 1960245.5749461956, -179192483598174.44, -305893.4223233945, 787374.855131063, -9.211971693894732e+26], [654900329180176.8, -1281397800119914.0, -179192483598174.47, 1.7553844158620006e+23, 185714510616030.97, -771430396932691.0, 6.978449016514918e+35], [2957046.9997130386, -1309309.6225795136, -305893.4223233945, 185714510616030.97, 388061.2815816893, -818252.6267549085, 1.2050970975135683e+27], [-2893012.9677884667, 5654817.8806241, 787374.855131063, -771430396932690.9, -818252.6267549086, 3393692.4900117232, -3.083934920774965e+27], [9.778780641967095e+27, -4.9214699908604243e+27, -9.211971693894732e+26, 6.978449016514918e+35, 1.2050970975135685e+27, -3.083934920774965e+27, 4.652565264582249e+48]]
sigma_dmb
from cov matrix =
1.4087293520195284e-24
relative bulk velocity
0.0
