n-power=
2
dm_mass=
1e-05
stepsize =
1e-24
fisher matrix =
[[334575.508397078, -93091.3484843993, 6716.857322845177, 10043504880910.682, -33146.24175880618, -113658.33044742532, 3.5025273695254113e+22], [-93091.3484843993, 36880.126594313326, -2298.5929317732102, -2899122570641.7554, 10869.702261225888, 21421.548667525785, -4.807834429273703e+22], [6716.857322845177, -2298.5929317732107, 1076.8240604870093, 651167780612.0796, -2965.884780412927, -3755.0378597785266, 3.879533197735488e+21], [10043504880910.682, -2899122570641.7554, 651167780612.0796, 9.033281405086142e+20, -3754667593147.7153, -2983488874610.942, -1.3358682999988895e+30], [-33146.24175880618, 10869.702261225888, -2965.884780412927, -3754667593147.7153, 16664.90054540058, 9728.622717154847, 8.952360360639469e+20], [-113658.33044742531, 21421.54866752579, -3755.037859778526, -2983488874610.942, 9728.622717154847, 75008.55489457533, -4.726484631568099e+21], [3.5025273695254113e+22, -4.807834429273703e+22, 3.879533197735488e+21, -1.3358682999988895e+30, 8.952360360639469e+20, -4.726484631568099e+21, 2.4119509334065008e+41]]
sigma_dmb
from cov matrix =
4.178045336908713e-21
relative bulk velocity
0.0
