n-power=
2
dm_mass=
1e-05
stepsize =
1e-24
fisher matrix =
[[283869463.56835717, -60997278.374325596, -18912236.779917523, 654900329180176.6, 2957046.9997130386, -2893012.967788466, 8.715813861389078e+26], [-60997278.374325596, 33585936.82840459, 7561974.710442033, -1281397800119914.0, -1309309.6225795136, 5654817.8806241, -4.247433148309947e+26], [-18912236.779917523, 7561974.710442033, 1960245.5749461956, -179192483598174.44, -305893.4223233945, 787374.855131063, -8.126677565184565e+25], [654900329180176.8, -1281397800119914.0, -179192483598174.47, 1.7553844158620006e+23, 185714510616030.97, -771430396932691.0, 6.015569984945321e+34], [2957046.9997130386, -1309309.6225795136, -305893.4223233945, 185714510616030.97, 388061.2815816893, -818252.6267549085, 1.0398490435680318e+26], [-2893012.9677884667, 5654817.8806241, 787374.855131063, -771430396932690.9, -818252.6267549086, 3393692.4900117232, -2.654044332879575e+26], [8.715813861389078e+26, -4.247433148309947e+26, -8.126677565184565e+25, 6.015569984945321e+34, 1.0398490435680314e+26, -2.654044332879575e+26, 3.364383012577227e+46]]
sigma_dmb
from cov matrix =
1.7997516134747515e-23
relative bulk velocity
0.0
