n-power=
2
dm_mass=
1e-06
stepsize =
5e-26
fisher matrix =
[[284204039.0767543, -61090369.72280999, -18905519.922594678, 664943834061087.5, 2923900.7579542357, -3006671.29823589, 9.779323387336268e+27], [-61090369.72280999, 33622816.95499895, 7559676.117510259, -1284296922690555.5, -1298439.9203182878, 5676239.4292916255, -4.9224698375284955e+27], [-18905519.922594678, 7559676.117510259, 1961322.399006683, -178541315817562.38, -308859.3071038075, 783619.8172712845, -9.2112322985184e+26], [664943834061087.6, -1284296922690555.5, -178541315817562.38, 1.7644176972670874e+23, 181959843022883.28, -774413885807301.8, 6.97797931899062e+35], [2923900.757954236, -1298439.9203182878, -308859.3071038075, 181959843022883.28, 404726.18212709005, -808524.0040377536, 1.205184094307485e+27], [-3006671.29823589, 5676239.4292916255, 783619.8172712845, -774413885807301.9, -808524.0040377537, 3468701.0449062972, -3.0839686852722884e+27], [9.779323387336268e+27, -4.9224698375284955e+27, -9.2112322985184e+26, 6.97797931899062e+35, 1.2051840943074852e+27, -3.083968685272288e+27, 4.652683525425906e+48]]
sigma_dmb
from cov matrix =
1.2930727922188742e-24
2-sigma =
2.011145580839974e-24