n-power=
2
dm_mass=
1
stepsize =
4e-19
fisher matrix =
[[334575.508397078, -93091.3484843993, 6716.857322845177, 10043504880910.682, -33146.24175880618, -113658.33044742532, 8.885492700321052e+17], [-93091.3484843993, 36880.126594313326, -2298.5929317732102, -2899122570641.7554, 10869.702261225888, 21421.548667525785, -6.260833049468127e+17], [6716.857322845177, -2298.5929317732107, 1076.8240604870093, 651167780612.0796, -2965.884780412927, -3755.0378597785266, 5.4675869958220536e+16], [10043504880910.682, -2899122570641.7554, 651167780612.0796, 9.033281405086142e+20, -3754667593147.7153, -2983488874610.942, 1.9281351077924973e+25], [-33146.24175880618, 10869.702261225888, -2965.884780412927, -3754667593147.7153, 16664.90054540058, 9728.622717154847, -1.0933708902232856e+17], [-113658.33044742531, 21421.54866752579, -3755.037859778526, -2983488874610.942, 9728.622717154847, 75008.55489457533, -1.7227267083901674e+17], [8.885492700321052e+17, -6.260833049468128e+17, 5.4675869958220536e+16, 1.9281351077924973e+25, -1.0933708902232853e+17, -1.722726708390167e+17, 2.2978606353656105e+31]]
sigma_dmb
from cov matrix =
4.3875369578917857e-16
relative bulk velocity
0.0
