n-power=
2
dm_mass=
1
stepsize =
4e-19
fisher matrix =
[[283869463.56835717, -60997278.374325596, -18912236.779917523, 654900329180176.6, 2957046.9997130386, -2893012.967788466, 6.265375009144035e+21], [-60997278.374325596, 33585936.82840459, 7561974.710442033, -1281397800119914.0, -1309309.6225795136, 5654817.8806241, -3.891097557136727e+21], [-18912236.779917523, 7561974.710442033, 1960245.5749461956, -179192483598174.44, -305893.4223233945, 787374.855131063, -7.471569439249751e+20], [654900329180176.8, -1281397800119914.0, -179192483598174.47, 1.7553844158620006e+23, 185714510616030.97, -771430396932691.0, 4.421739730467468e+29], [2957046.9997130386, -1309309.6225795136, -305893.4223233945, 185714510616030.97, 388061.2815816893, -818252.6267549085, 6.910655451980193e+20], [-2893012.9677884667, 5654817.8806241, 787374.855131063, -771430396932690.9, -818252.6267549086, 3393692.4900117232, -1.9510662182229138e+21], [6.265375009144035e+21, -3.891097557136727e+21, -7.471569439249751e+20, 4.421739730467468e+29, 6.910655451980193e+20, -1.9510662182229138e+21, 1.4937634200571987e+36]]
sigma_dmb
from cov matrix =
3.6916930840042714e-18
relative bulk velocity
0.0
