n-power=
2
dm_mass=
1
stepsize =
4e-19
fisher matrix =
[[284204039.0767543, -61090369.72280999, -18905519.922594678, 664943834061087.5, 2923900.7579542357, -3006671.29823589, 6.266263558414067e+21], [-61090369.72280999, 33622816.95499895, 7559676.117510259, -1284296922690555.5, -1298439.9203182878, 5676239.4292916255, -3.8917236404416744e+21], [-18905519.922594678, 7559676.117510259, 1961322.399006683, -178541315817562.38, -308859.3071038075, 783619.8172712845, -7.471022680550168e+20], [664943834061087.6, -1284296922690555.5, -178541315817562.38, 1.7644176972670874e+23, 181959843022883.28, -774413885807301.8, 4.421932543978247e+29], [2923900.757954236, -1298439.9203182878, -308859.3071038075, 181959843022883.28, 404726.18212709005, -808524.0040377536, 6.90956208108997e+20], [-3006671.29823589, 5676239.4292916255, 783619.8172712845, -774413885807301.9, -808524.0040377537, 3468701.0449062972, -1.9512384908937527e+21], [6.266263558414067e+21, -3.8917236404416744e+21, -7.471022680550168e+20, 4.421932543978247e+29, 6.90956208108997e+20, -1.9512384908937527e+21, 1.4937863986635524e+36]]
sigma_dmb
from cov matrix =
3.314095855145899e-18
2-sigma =
5.155671884372748e-18