n-power=
2
dm_mass=
1
stepsize =
4e-19
fisher matrix =
[[284204039.0767543, -61090369.72280999, -18905519.922594678, 664943834061087.5, 2923900.7579542357, -3006671.29823589, 7.203050779158556e+21], [-61090369.72280999, 33622816.95499895, 7559676.117510259, -1284296922690555.5, -1298439.9203182878, 5676239.4292916255, -2.7698915671368993e+21], [-18905519.922594678, 7559676.117510259, 1961322.399006683, -178541315817562.38, -308859.3071038075, 783619.8172712845, -7.224333710593731e+20], [664943834061087.6, -1284296922690555.5, -178541315817562.38, 1.7644176972670874e+23, 181959843022883.28, -774413885807301.8, -5.806517719552804e+28], [2923900.757954236, -1298439.9203182878, -308859.3071038075, 181959843022883.28, 404726.18212709005, -808524.0040377536, -9.532233437251202e+19], [-3006671.29823589, 5676239.4292916255, 783619.8172712845, -774413885807301.9, -808524.0040377537, 3468701.0449062972, 2.4482373829198276e+20], [7.203050779158556e+21, -2.7698915671368993e+21, -7.224333710593731e+20, -5.806517719552804e+28, -9.532233437251202e+19, 2.4482373829198276e+20, 5.8544954642071465e+35]]
sigma_dmb
from cov matrix =
2.877106404148682e-18
2-sigma =
4.475486599683212e-18