n-power=
2
dm_mass=
0.001
stepsize =
3.177312938897127e-21
fisher matrix =
[[2166267546.25976, -514699747.1361665, -143106257.28853744, 1.3693642524009776e+16, 42746568.42180874, -60272868.40681675, 2.134602946907114e+26], [-514699747.1361666, 209498334.12307432, 54988956.35899584, -3461513545536788.0, -7559749.6453213245, 15234550.812658137, -4.022128811616525e+25], [-143106257.2885374, 54988956.35899584, 14771521.059527835, -735763072158030.8, -1918736.684595337, 3238342.228061953, -1.0215366489295233e+25], [1.3693642524009776e+16, -3461513545536787.5, -735763072158030.8, 3.9069660181516275e+23, 770548260514535.5, -1719509854048011.5, 3.500257177099116e+33], [42746568.42180874, -7559749.645321325, -1918736.6845953371, 770548260514535.5, 1933119.1329378865, -3391519.883427506, 8.850423803080556e+24], [-60272868.40681675, 15234550.812658137, 3238342.228061953, -1719509854048011.5, -3391519.883427506, 7567802.181100736, -1.5405948336329354e+25], [2.134602946907114e+26, -4.022128811616525e+25, -1.0215366489295233e+25, 3.500257177099116e+33, 8.850423803080556e+24, -1.5405948336329354e+25, 4.242700904188546e+43]]
sigma_dmb
from cov matrix =
8.765280798726402e-22
relative_bulk_velocity =
0.0
2-sigma zack's method =
1.3639562416682443e-21