n-power=
2
dm_mass=
0.001
stepsize =
3.177312938897127e-21
fisher matrix =
[[2167943615.9269233, -516694685.0297029, -142984045.87260818, 1.362326770272057e+16, 42688129.740245536, -60272655.58292045, 2.157811038651302e+26], [-516694685.02970284, 211945056.95475215, 54836133.76206739, -3371906208866146.5, -7508189.083272481, 15234276.38022008, -4.285060722241328e+25], [-142984045.87260818, 54836133.76206739, 14781184.250096813, -741493836895080.0, -1921125.6705498877, 3238359.9151722905, -1.0061948884865298e+25], [1.3623267702720568e+16, -3371906208866147.0, -741493836895080.0, 3.9413436027508373e+23, 771449855338457.2, -1719520543762377.2, 3.4186319181039566e+33], [42688129.740245536, -7508189.083272481, -1921125.6705498875, 771449855338457.2, 1940560.0923062125, -3391521.614820068, 8.685934200564809e+24], [-60272655.58292045, 15234276.38022008, 3238359.9151722905, -1719520543762377.2, -3391521.614820068, 7567802.214501878, -1.5405714527843116e+25], [2.157811038651302e+26, -4.285060722241329e+25, -1.0061948884865298e+25, 3.4186319181039566e+33, 8.685934200564809e+24, -1.5405714527843116e+25, 4.966392950619731e+43]]
sigma_dmb
from cov matrix =
3.7123214178877454e-22
relative_bulk_velocity =
0.0
2-sigma zack's method =
5.77141392714706e-22