n-power=
2
dm_mass=
0.0001
stepsize =
1e-23
fisher matrix =
[[2167943615.9269233, -516694685.0297029, -142984045.87260818, 1.362326770272057e+16, 42688129.740245536, -60272655.58292045, 1.5920862824190317e+27], [-516694685.02970284, 211945056.95475215, 54836133.76206739, -3371906208866146.5, -7508189.083272481, 15234276.38022008, -2.6802770382327818e+26], [-142984045.87260818, 54836133.76206739, 14781184.250096813, -741493836895080.0, -1921125.6705498877, 3238359.9151722905, -5.9244169108143146e+25], [1.3623267702720568e+16, -3371906208866147.0, -741493836895080.0, 3.9413436027508373e+23, 771449855338457.2, -1719520543762377.2, 2.3690010286882943e+34], [42688129.740245536, -7508189.083272481, -1921125.6705498875, 771449855338457.2, 1940560.0923062125, -3391521.614820068, 6.349315825796807e+25], [-60272655.58292045, 15234276.38022008, 3238359.9151722905, -1719520543762377.2, -3391521.614820068, 7567802.214501878, -1.084494743805619e+26], [1.5920862824190317e+27, -2.6802770382327818e+26, -5.924416910814315e+25, 2.3690010286882943e+34, 6.349315825796806e+25, -1.084494743805619e+26, 3.9383346243516854e+45]]
sigma_dmb
from cov matrix =
2.6780450766282543e-23
relative_bulk_velocity =
0.0
2-sigma zack's method =
4.165087691082134e-23