n-power=
2
dm_mass=
0.01
stepsize =
1.5924286822139892e-20
fisher matrix =
[[2167943615.9269233, -516694685.0297029, -142984045.87260818, 1.362326770272057e+16, 42688129.740245536, -60272655.58292045, 1.571541030326344e+25], [-516694685.02970284, 211945056.95475215, 54836133.76206739, -3371906208866146.5, -7508189.083272481, 15234276.38022008, -2.9319823690086023e+24], [-142984045.87260818, 54836133.76206739, 14781184.250096813, -741493836895080.0, -1921125.6705498877, 3238359.9151722905, -6.782525182911099e+23], [1.3623267702720568e+16, -3371906208866147.0, -741493836895080.0, 3.9413436027508373e+23, 771449855338457.2, -1719520543762377.2, 2.417918462023461e+32], [42688129.740245536, -7508189.083272481, -1921125.6705498875, 771449855338457.2, 1940560.0923062125, -3391521.614820068, 6.27876255975788e+23], [-60272655.58292045, 15234276.38022008, 3238359.9151722905, -1719520543762377.2, -3391521.614820068, 7567802.214501878, -1.0949532449427036e+24], [1.571541030326344e+25, -2.9319823690086023e+24, -6.782525182911099e+23, 2.417918462023461e+32, 6.27876255975788e+23, -1.0949532449427036e+24, 2.911161620853064e+41]]
sigma_dmb
from cov matrix =
4.003657918671004e-21
relative_bulk_velocity =
0.0
2-sigma zack's method =
6.231371005236966e-21