n-power=
2
dm_mass=
0.1
stepsize =
7.98104925987552e-20
fisher matrix =
[[2167943615.9269233, -516694685.0297029, -142984045.87260818, 1.362326770272057e+16, 42688129.740245536, -60272655.58292045, 1.1543792164094244e+24], [-516694685.02970284, 211945056.95475215, 54836133.76206739, -3371906208866146.5, -7508189.083272481, 15234276.38022008, -2.2325506214444512e+23], [-142984045.87260818, 54836133.76206739, 14781184.250096813, -741493836895080.0, -1921125.6705498877, 3238359.9151722905, -5.0622571671044214e+22], [1.3623267702720568e+16, -3371906208866147.0, -741493836895080.0, 3.9413436027508373e+23, 771449855338457.2, -1719520543762377.2, 1.7498652375370654e+31], [42688129.740245536, -7508189.083272481, -1921125.6705498875, 771449855338457.2, 1940560.0923062125, -3391521.614820068, 4.536401005856831e+22], [-60272655.58292045, 15234276.38022008, 3238359.9151722905, -1719520543762377.2, -3391521.614820068, 7567802.214501878, -7.977263102306902e+22], [1.1543792164094244e+24, -2.2325506214444512e+23, -5.062257167104421e+22, 1.7498652375370654e+31, 4.536401005856831e+22, -7.977263102306902e+22, 1.7383364785692427e+39]]
sigma_dmb
from cov matrix =
4.515500054442612e-20
relative_bulk_velocity =
0.0
2-sigma zack's method =
7.027505528409877e-20