n-power=
2
dm_mass=
1000.0
stepsize =
6e-18
fisher matrix =
[[2166267546.25976, -514699747.1361665, -143106257.28853744, 1.3693642524009776e+16, 42746568.42180874, -60272868.40681675, 1.3632540977351565e+20], [-514699747.1361666, 209498334.12307432, 54988956.35899584, -3461513545536788.0, -7559749.6453213245, 15234550.812658137, -3.3390406564697633e+19], [-143106257.2885374, 54988956.35899584, 14771521.059527835, -735763072158030.8, -1918736.684595337, 3238342.228061953, -8.380989028378993e+18], [1.3693642524009776e+16, -3461513545536787.5, -735763072158030.8, 3.9069660181516275e+23, 770548260514535.5, -1719509854048011.5, 2.1697433932612537e+27], [42746568.42180874, -7559749.645321325, -1918736.6845953371, 770548260514535.5, 1933119.1329378865, -3391519.883427506, 5.224975134431877e+18], [-60272868.40681675, 15234550.812658137, 3238342.228061953, -1719509854048011.5, -3391519.883427506, 7567802.181100736, -9.549804749009627e+18], [1.3632540977351569e+20, -3.3390406564697633e+19, -8.380989028378994e+18, 2.1697433932612537e+27, 5.224975134431877e+18, -9.54980474900963e+18, 1.7155733070350684e+31]]
sigma_dmb
from cov matrix =
7.37704296260565e-16
relative_bulk_velocity =
0.0
2-sigma zack's method =
