n-power=
2
dm_mass=
1000
stepsize =
5.0357016471766674e-17
fisher matrix =
[[2167943615.9269233, -516694685.0297029, -142984045.87260818, 1.362326770272057e+16, 42688129.740245536, -60272655.58292045, 1.4454937538553206e+20], [-516694685.02970284, 211945056.95475215, 54836133.76206739, -3371906208866146.5, -7508189.083272481, 15234276.38022008, -3.758384150373135e+19], [-142984045.87260818, 54836133.76206739, 14781184.250096813, -741493836895080.0, -1921125.6705498877, 3238359.9151722905, -8.241163181625273e+18], [1.3623267702720568e+16, -3371906208866147.0, -741493836895080.0, 3.9413436027508373e+23, 771449855338457.2, -1719520543762377.2, 2.1237262391940077e+27], [42688129.740245536, -7508189.083272481, -1921125.6705498875, 771449855338457.2, 1940560.0923062125, -3391521.614820068, 5.177349547875846e+18], [-60272655.58292045, 15234276.38022008, 3238359.9151722905, -1719520543762377.2, -3391521.614820068, 7567802.214501878, -9.88608893698416e+18], [1.4454937538553204e+20, -3.758384150373135e+19, -8.241163181625272e+18, 2.123726239194008e+27, 5.177349547875846e+18, -9.886088936984158e+18, 3.4770852833602547e+31]]
sigma_dmb
from cov matrix =
2.649131038275145e-16
relative_bulk_velocity =
0.0
2-sigma zack's method =
4.117485722168045e-16