n-power=
2
dm_mass=
1000.0
stepsize =
6e-18
fisher matrix =
[[2167943615.9269233, -516694685.0297029, -142984045.87260818, 1.362326770272057e+16, 42688129.740245536, -60272655.58292045, 1.4000311515560998e+20], [-516694685.02970284, 211945056.95475215, 54836133.76206739, -3371906208866146.5, -7508189.083272481, 15234276.38022008, -3.755676820063417e+19], [-142984045.87260818, 54836133.76206739, 14781184.250096813, -741493836895080.0, -1921125.6705498877, 3238359.9151722905, -8.138168655267034e+18], [1.3623267702720568e+16, -3371906208866147.0, -741493836895080.0, 3.9413436027508373e+23, 771449855338457.2, -1719520543762377.2, 2.0408664141209413e+27], [42688129.740245536, -7508189.083272481, -1921125.6705498875, 771449855338457.2, 1940560.0923062125, -3391521.614820068, 4.959452660468945e+18], [-60272655.58292045, 15234276.38022008, 3238359.9151722905, -1719520543762377.2, -3391521.614820068, 7567802.214501878, -9.549436271407768e+18], [1.4000311515560998e+20, -3.755676820063417e+19, -8.138168655267034e+18, 2.040866414120941e+27, 4.959452660468945e+18, -9.549436271407768e+18, 3.7407406758695445e+31]]
sigma_dmb
from cov matrix =
2.4082106064768916e-16
relative_bulk_velocity =
0.0
2-sigma zack's method =
3.745855856811358e-16