n-power=
2
dm_mass=
1000
stepsize =
5.0357016471766674e-17
fisher matrix =
[[2166267546.25976, -514699747.1361665, -143106257.28853744, 1.3693642524009776e+16, 42746568.42180874, -60272868.40681675, 1.4105872161642629e+20], [-514699747.1361666, 209498334.12307432, 54988956.35899584, -3461513545536788.0, -7559749.6453213245, 15234550.812658137, -3.362829745967075e+19], [-143106257.2885374, 54988956.35899584, 14771521.059527835, -735763072158030.8, -1918736.684595337, 3238342.228061953, -8.471795703760741e+18], [1.3693642524009776e+16, -3461513545536787.5, -735763072158030.8, 3.9069660181516275e+23, 770548260514535.5, -1719509854048011.5, 2.2462323931268048e+27], [42746568.42180874, -7559749.645321325, -1918736.6845953371, 770548260514535.5, 1933119.1329378865, -3391519.883427506, 5.428102285566932e+18], [-60272868.40681675, 15234550.812658137, 3238342.228061953, -1719509854048011.5, -3391519.883427506, 7567802.181100736, -9.886439406332727e+18], [1.4105872161642629e+20, -3.362829745967075e+19, -8.47179570376074e+18, 2.2462323931268048e+27, 5.428102285566932e+18, -9.886439406332727e+18, 1.6886250649722776e+31]]
sigma_dmb
from cov matrix =
1.2710106816128159e-15
relative_bulk_velocity =
0.0
2-sigma zack's method =
1.9755898091891455e-15