n-power=
2
dm_mass=
10
stepsize =
2.0047489345090887e-18
fisher matrix =
[[2167943615.9269233, -516694685.0297029, -142984045.87260818, 1.362326770272057e+16, 42688129.740245536, -60272655.58292045, 1.313312045920827e+22], [-516694685.02970284, 211945056.95475215, 54836133.76206739, -3371906208866146.5, -7508189.083272481, 15234276.38022008, -3.4412111892522855e+21], [-142984045.87260818, 54836133.76206739, 14781184.250096813, -741493836895080.0, -1921125.6705498877, 3238359.9151722905, -7.583797231822867e+20], [1.3623267702720568e+16, -3371906208866147.0, -741493836895080.0, 3.9413436027508373e+23, 771449855338457.2, -1719520543762377.2, 1.9280536476902414e+29], [42688129.740245536, -7508189.083272481, -1921125.6705498875, 771449855338457.2, 1940560.0923062125, -3391521.614820068, 4.688666708334434e+20], [-60272655.58292045, 15234276.38022008, 3238359.9151722905, -1719520543762377.2, -3391521.614820068, 7567802.214501878, -8.964016626761872e+20], [1.313312045920827e+22, -3.441211189252285e+21, -7.58379723182287e+20, 1.9280536476902407e+29, 4.688666708334434e+20, -8.964016626761872e+20, 2.75805143508409e+35]]
sigma_dmb
from cov matrix =
3.0325508289976305e-18
relative_bulk_velocity =
0.0
2-sigma zack's method =
4.716465883304816e-18