n-power=
2
dm_mass=
1e-05
stepsize =
1e-24
fisher matrix =
[[2167943615.9269233, -516694685.0297029, -142984045.87260818, 1.362326770272057e+16, 42688129.740245536, -60272655.58292045, 2.319846608227746e+28], [-516694685.02970284, 211945056.95475215, 54836133.76206739, -3371906208866146.5, -7508189.083272481, 15234276.38022008, -3.9509225542983674e+27], [-142984045.87260818, 54836133.76206739, 14781184.250096813, -741493836895080.0, -1921125.6705498877, 3238359.9151722905, -8.718687959992296e+26], [1.3623267702720568e+16, -3371906208866147.0, -741493836895080.0, 3.9413436027508373e+23, 771449855338457.2, -1719520543762377.2, 3.448621355515138e+35], [42688129.740245536, -7508189.083272481, -1921125.6705498875, 771449855338457.2, 1940560.0923062125, -3391521.614820068, 9.226873728716158e+26], [-60272655.58292045, 15234276.38022008, 3238359.9151722905, -1719520543762377.2, -3391521.614820068, 7567802.214501878, -1.579939447331004e+27], [2.319846608227746e+28, -3.9509225542983674e+27, -8.718687959992296e+26, 3.448621355515138e+35, 9.226873728716158e+26, -1.579939447331004e+27, 8.345159848496332e+47]]
sigma_dmb
from cov matrix =
1.8409347096914233e-24
relative_bulk_velocity =
0.0
2-sigma zack's method =
2.8623547403033626e-24