n-power=
2
dm_mass=
1e-06
stepsize =
5e-26
fisher matrix =
[[2167943615.9269233, -516694685.0297029, -142984045.87260818, 1.362326770272057e+16, 42688129.740245536, -60272655.58292045, 2.660754171663234e+29], [-516694685.02970284, 211945056.95475215, 54836133.76206739, -3371906208866146.5, -7508189.083272481, 15234276.38022008, -4.683386607759693e+28], [-142984045.87260818, 54836133.76206739, 14781184.250096813, -741493836895080.0, -1921125.6705498877, 3238359.9151722905, -9.524330623043571e+27], [1.3623267702720568e+16, -3371906208866147.0, -741493836895080.0, 3.9413436027508373e+23, 771449855338457.2, -1719520543762377.2, 3.903804756789384e+36], [42688129.740245536, -7508189.083272481, -1921125.6705498875, 771449855338457.2, 1940560.0923062125, -3391521.614820068, 1.04841969711202e+28], [-60272655.58292045, 15234276.38022008, 3238359.9151722905, -1719520543762377.2, -3391521.614820068, 7567802.214501878, -1.8245628793710668e+28], [2.660754171663234e+29, -4.683386607759692e+28, -9.524330623043571e+27, 3.903804756789384e+36, 1.0484196971120202e+28, -1.824562879371067e+28, 1.5308221771693897e+50]]
2-sigma zack's method =
from cov matrix =
1.1820210132704124e-25
relative_bulk_velocity =
0.0
2-sigma zack's method =
1.8392517990643557e-25