n-power=
2
dm_mass=
1e-06
stepsize =
5e-26
fisher matrix =
[[2166267546.25976, -514699747.1361665, -143106257.28853744, 1.3693642524009776e+16, 42746568.42180874, -60272868.40681675, 2.5911111933515486e+29], [-514699747.1361666, 209498334.12307432, 54988956.35899584, -3461513545536788.0, -7559749.6453213245, 15234550.812658137, -3.8957405889509715e+28], [-143106257.2885374, 54988956.35899584, 14771521.059527835, -735763072158030.8, -1918736.684595337, 3238342.228061953, -9.982162538076921e+27], [1.3693642524009776e+16, -3461513545536787.5, -735763072158030.8, 3.9069660181516275e+23, 770548260514535.5, -1719509854048011.5, 4.1455865874533756e+36], [42746568.42180874, -7559749.645321325, -1918736.6845953371, 770548260514535.5, 1933119.1329378865, -3391519.883427506, 1.1002717294624056e+28], [-60272868.40681675, 15234550.812658137, 3238342.228061953, -1719509854048011.5, -3391519.883427506, 7567802.181100736, -1.8246317525969753e+28], [2.5911111933515486e+29, -3.8957405889509715e+28, -9.982162538076921e+27, 4.1455865874533756e+36, 1.1002717294624059e+28, -1.8246317525969753e+28, 7.087674770438015e+49]]
sigma_dmb
from cov matrix =
4.327161934772727e-25
relative_bulk_velocity =
0.0
2-sigma zack's method =
6.729132084564353e-25