n-power=
2
dm_mass=
1
stepsize =
4e-19
fisher matrix =
[[2167943615.9269233, -516694685.0297029, -142984045.87260818, 1.362326770272057e+16, 42688129.740245536, -60272655.58292045, 1.1600899828068436e+23], [-516694685.02970284, 211945056.95475215, 54836133.76206739, -3371906208866146.5, -7508189.083272481, 15234276.38022008, -2.739151123302939e+22], [-142984045.87260818, 54836133.76206739, 14781184.250096813, -741493836895080.0, -1921125.6705498877, 3238359.9151722905, -6.090935525050017e+21], [1.3623267702720568e+16, -3371906208866147.0, -741493836895080.0, 3.9413436027508373e+23, 771449855338457.2, -1719520543762377.2, 1.7296792733622614e+30], [42688129.740245536, -7508189.083272481, -1921125.6705498875, 771449855338457.2, 1940560.0923062125, -3391521.614820068, 4.310400617436654e+21], [-60272655.58292045, 15234276.38022008, 3238359.9151722905, -1719520543762377.2, -3391521.614820068, 7567802.214501878, -7.979203661930092e+21], [1.1600899828068436e+23, -2.739151123302939e+22, -6.090935525050017e+21, 1.7296792733622614e+30, 4.310400617436653e+21, -7.979203661930092e+21, 1.9601996330411523e+37]]
sigma_dmb
from cov matrix =
3.7960135441466783e-19
relative_bulk_velocity =
0.0
2-sigma zack's method =
5.909465157597829e-19