n-power=
2
dm_mass=
1
stepsize =
4e-19
fisher matrix =
[[2166267546.25976, -514699747.1361665, -143106257.28853744, 1.3693642524009776e+16, 42746568.42180874, -60272868.40681675, 1.136318537743102e+23], [-514699747.1361666, 209498334.12307432, 54988956.35899584, -3461513545536788.0, -7559749.6453213245, 15234550.812658137, -2.4698919149425297e+22], [-143106257.2885374, 54988956.35899584, 14771521.059527835, -735763072158030.8, -1918736.684595337, 3238342.228061953, -6.247849980365689e+21], [1.3693642524009776e+16, -3461513545536787.5, -735763072158030.8, 3.9069660181516275e+23, 770548260514535.5, -1719509854048011.5, 1.8129521096210335e+30], [42746568.42180874, -7559749.645321325, -1918736.6845953371, 770548260514535.5, 1933119.1329378865, -3391519.883427506, 4.482077278345218e+21], [-60272868.40681675, 15234550.812658137, 3238342.228061953, -1719509854048011.5, -3391519.883427506, 7567802.181100736, -7.979441732301297e+21], [1.136318537743102e+23, -2.4698919149425297e+22, -6.247849980365688e+21, 1.8129521096210335e+30, 4.4820772783452177e+21, -7.979441732301297e+21, 1.1179880253622475e+37]]
sigma_dmb
from cov matrix =
1.6024687528624646e-18
relative_bulk_velocity =
0.0
2-sigma zack's method =
2.4938129270319263e-18