n-power=
0
dm_mass=
0.001
stepsize =
7.09626778467151e-27
fisher matrix =
[[1238861979.0428388, -1376164944.9193726, 76287904.92826001, -3.5709703880460724e+16, -173694714.29478198, 94020.25226026984, 2.26410947056939e+33], [-1376164944.9193726, 1528855603.777291, -84760274.16560088, 3.968174517187822e+16, 192911495.32143754, -104492.60333220847, -2.5163596575645228e+33], [76287904.92826001, -84760274.16560088, 4700334.712277647, -2201863769521910.0, -10670435.941136057, 5800.905135985083, 1.388436267207086e+32], [-3.5709703880460724e+16, 3.968174517187822e+16, -2201863769521910.0, 1.0330576860974628e+24, 4965379253898638.0, -2724958875332.218, -6.416826413312404e+40], [-173694714.29478198, 192911495.32143754, -10670435.941136057, 4965379253898638.0, 24956295.01978202, -13012.83357624171, -3.36809530980757e+32], [94020.25226026984, -104492.60333220847, 5800.905135985083, -2724958875332.218, -13012.83357624171, 7.1947864259096885, 1.672561933804469e+29], [2.26410947056939e+33, -2.5163596575645228e+33, 1.388436267207086e+32, -6.416826413312404e+40, -3.36809530980757e+32, 1.672561933804469e+29, 4.864640057789038e+57]]
sigma_dmb
from cov matrix =
5.805744278087881e-28
2-sigma =
1.4398245809657945e-27
2-sigma zack's method =
9.029844337913585e-28