n-power=
0
dm_mass=
0.1
stepsize =
1.415891568768276e-26
fisher matrix =
[[1238861979.0428388, -1376164944.9193726, 76287904.92826001, -3.5709703880460724e+16, -173694714.29478198, 94020.25226026984, 8.074436750280763e+32], [-1376164944.9193726, 1528855603.777291, -84760274.16560088, 3.968174517187822e+16, 192911495.32143754, -104492.60333220847, -8.973650477657211e+32], [76287904.92826001, -84760274.16560088, 4700334.712277647, -2201863769521910.0, -10670435.941136057, 5800.905135985083, 4.952421025800778e+31], [-3.5709703880460724e+16, 3.968174517187822e+16, -2201863769521910.0, 1.0330576860974628e+24, 4965379253898638.0, -2724958875332.218, -2.2902029793388793e+40], [-173694714.29478198, 192911495.32143754, -10670435.941136057, 4965379253898638.0, 24956295.01978202, -13012.83357624171, -1.1977207821861444e+32], [94020.25226026984, -104492.60333220847, 5800.905135985083, -2724958875332.218, -13012.83357624171, 7.1947864259096885, 5.972342945404707e+28], [8.074436750280763e+32, -8.973650477657211e+32, 4.952421025800778e+31, -2.2902029793388793e+40, -1.1977207821861444e+32, 5.972342945404707e+28, 6.092450558395938e+56]]
sigma_dmb
from cov matrix =
1.678174707834128e-27
2-sigma =
4.161873275428638e-27
2-sigma zack's method =
2.6099482521519572e-27