n-power=
0
dm_mass=
100
stepsize =
3.990524629937759e-26
fisher matrix =
[[1238861979.0428388, -1376164944.9193726, 76287904.92826001, -3.5709703880460724e+16, -173694714.29478198, 94020.25226026984, 6.935457279444218e+30], [-1376164944.9193726, 1528855603.777291, -84760274.16560088, 3.968174517187822e+16, 192911495.32143754, -104492.60333220847, -7.707794312697673e+30], [76287904.92826001, -84760274.16560088, 4700334.712277647, -2201863769521910.0, -10670435.941136057, 5800.905135985083, 4.253964298705567e+29], [-3.5709703880460724e+16, 3.968174517187822e+16, -2201863769521910.0, 1.0330576860974628e+24, 4965379253898638.0, -2724958875332.218, -1.967420226937469e+38], [-173694714.29478198, 192911495.32143754, -10670435.941136057, 4965379253898638.0, 24956295.01978202, -13012.83357624171, -1.0283432581671772e+30], [94020.25226026984, -104492.60333220847, 5800.905135985083, -2724958875332.218, -13012.83357624171, 7.1947864259096885, 5.1310170855363244e+26], [6.935457279444218e+30, -7.707794312697673e+30, 4.253964298705567e+29, -1.967420226937469e+38, -1.0283432581671772e+30, 5.1310170855363244e+26, 4.488501467115965e+52]]
sigma_dmb
from cov matrix =
1.764352982388277e-25
2-sigma =
4.375595396322927e-25
2-sigma zack's method =
2.7464769131913093e-25