n-power=
0
dm_mass=
10
stepsize =
2.8250750892455087e-26
fisher matrix =
[[1238861979.0428388, -1376164944.9193726, 76287904.92826001, -3.5709703880460724e+16, -173694714.29478198, 94020.25226026984, 6.287640257901499e+31], [-1376164944.9193726, 1528855603.777291, -84760274.16560088, 3.968174517187822e+16, 192911495.32143754, -104492.60333220847, -6.987788389733273e+31], [76287904.92826001, -84760274.16560088, 4700334.712277647, -2201863769521910.0, -10670435.941136057, 5800.905135985083, 3.856701097554479e+30], [-3.5709703880460724e+16, 3.968174517187822e+16, -2201863769521910.0, 1.0330576860974628e+24, 4965379253898638.0, -2724958875332.218, -1.7838234156540942e+39], [-173694714.29478198, 192911495.32143754, -10670435.941136057, 4965379253898638.0, 24956295.01978202, -13012.83357624171, -9.319179313281971e+30], [94020.25226026984, -104492.60333220847, 5800.905135985083, -2724958875332.218, -13012.83357624171, 7.1947864259096885, 4.6524832921348585e+27], [6.287640257901499e+31, -6.987788389733273e+31, 3.856701097554479e+30, -1.7838234156540942e+39, -9.319179313281971e+30, 4.6524832921348585e+27, 3.6803286874645675e+54]]
sigma_dmb
from cov matrix =
2.0326058949997808e-26
2-sigma =
5.040862619599456e-26
2-sigma zack's method =
3.163007347923381e-26