n-power=
0
dm_mass=
1e-05
stepsize =
3.556558820077846e-28
fisher matrix =
[[1238861979.0428388, -1376164944.9193726, 76287904.92826001, -3.5709703880460724e+16, -173694714.29478198, 94020.25226026984, 5.487879251430679e+33], [-1376164944.9193726, 1528855603.777291, -84760274.16560088, 3.968174517187822e+16, 192911495.32143754, -104492.60333220847, -6.099964266199801e+33], [76287904.92826001, -84760274.16560088, 4700334.712277647, -2201863769521910.0, -10670435.941136057, 5800.905135985083, 3.3642236226928e+32], [-3.5709703880460724e+16, 3.968174517187822e+16, -2201863769521910.0, 1.0330576860974628e+24, 4965379253898638.0, -2724958875332.218, -1.553004159946864e+41], [-173694714.29478198, 192911495.32143754, -10670435.941136057, 4965379253898638.0, 24956295.01978202, -13012.83357624171, -8.214837138573252e+32], [94020.25226026984, -104492.60333220847, 5800.905135985083, -2724958875332.218, -13012.83357624171, 7.1947864259096885, 4.044063680019928e+29], [5.487879251430679e+33, -6.099964266199801e+33, 3.3642236226928e+32, -1.553004159946864e+41, -8.214837138573252e+32, 4.044063680019928e+29, 2.982829444644858e+58]]
sigma_dmb
from cov matrix =
1.3312956330122867e-28
2-sigma =
3.301613169870471e-28
2-sigma zack's method =
2.0701562826112156e-28