n-power=
0
dm_mass=
1
stepsize =
2e-26
fisher matrix =
[[1238861979.0428388, -1376164944.9193726, 76287904.92826001, -3.5709703880460724e+16, -173694714.29478198, 94020.25226026984, 3.524883793841945e+32], [-1376164944.9193726, 1528855603.777291, -84760274.16560088, 3.968174517187822e+16, 192911495.32143754, -104492.60333220847, -3.917342829975337e+32], [76287904.92826001, -84760274.16560088, 4700334.712277647, -2201863769521910.0, -10670435.941136057, 5800.905135985083, 2.1621657225856987e+31], [-3.5709703880460724e+16, 3.968174517187822e+16, -2201863769521910.0, 1.0330576860974628e+24, 4965379253898638.0, -2724958875332.218, -1.000181717594179e+40], [-173694714.29478198, 192911495.32143754, -10670435.941136057, 4965379253898638.0, 24956295.01978202, -13012.83357624171, -5.220800264054258e+31], [94020.25226026984, -104492.60333220847, 5800.905135985083, -2724958875332.218, -13012.83357624171, 7.1947864259096885, 2.6088941282843525e+28], [3.524883793841945e+32, -3.917342829975337e+32, 2.1621657225856987e+31, -1.000181717594179e+40, -5.220800264054258e+31, 2.6088941282843525e+28, 1.151771526128598e+56]]
sigma_dmb
from cov matrix =
4.020199140137746e-27
2-sigma =
9.97009386754161e-27
2-sigma zack's method =
6.2551295626585425e-27