n-power=
4
dm_mass=
0.001
stepsize =
1.0669676460233537e-16
fisher matrix =
[[283869463.56835717, -60997278.374325596, -18912236.779917523, 654900329180176.6, 2957046.9997130386, -2893012.967788466, 3.9922111789170944e+20], [-60997278.374325596, 33585936.82840459, 7561974.710442033, -1281397800119914.0, -1309309.6225795136, 5654817.8806241, -1.9347277035072845e+20], [-18912236.779917523, 7561974.710442033, 1960245.5749461956, -179192483598174.44, -305893.4223233945, 787374.855131063, -3.768971137213071e+19], [654900329180176.8, -1281397800119914.0, -179192483598174.47, 1.7553844158620006e+23, 185714510616030.97, -771430396932691.0, 2.6794248879813135e+28], [2957046.9997130386, -1309309.6225795136, -305893.4223233945, 185714510616030.97, 388061.2815816893, -818252.6267549085, 4.621348223732858e+19], [-2893012.9677884667, 5654817.8806241, 787374.855131063, -771430396932690.9, -818252.6267549086, 3393692.4900117232, -1.1810863105111366e+20], [3.9922111789170944e+20, -1.9347277035072848e+20, -3.768971137213071e+19, 2.6794248879813135e+28, 4.621348223732858e+19, -1.1810863105111366e+20, 6.486944073644533e+33]]
sigma_dmb
from cov matrix =
4.510961073185352e-17
relative bulk velocity
0.0
