n-power=
4
dm_mass=
0.0001
stepsize =
2e-20
fisher matrix =
[[283869463.56835717, -60997278.374325596, -18912236.779917523, 654900329180176.6, 2957046.9997130386, -2893012.967788466, 4.140163212080094e+22], [-60997278.374325596, 33585936.82840459, 7561974.710442033, -1281397800119914.0, -1309309.6225795136, 5654817.8806241, -1.8836781262664758e+22], [-18912236.779917523, 7561974.710442033, 1960245.5749461956, -179192483598174.44, -305893.4223233945, 787374.855131063, -3.5852013671576235e+21], [654900329180176.8, -1281397800119914.0, -179192483598174.47, 1.7553844158620006e+23, 185714510616030.97, -771430396932691.0, 2.828842394291665e+30], [2957046.9997130386, -1309309.6225795136, -305893.4223233945, 185714510616030.97, 388061.2815816893, -818252.6267549085, 5.013188987080951e+21], [-2893012.9677884667, 5654817.8806241, 787374.855131063, -771430396932690.9, -818252.6267549086, 3393692.4900117232, -1.2483596808754567e+22], [4.140163212080094e+22, -1.8836781262664758e+22, -3.5852013671576245e+21, 2.828842394291665e+30, 5.013188987080951e+21, -1.2483596808754567e+22, 8.069302977223927e+37]]
sigma_dmb
from cov matrix =
3.274504003788374e-19
relative bulk velocity
0.0
