n-power=
4
dm_mass=
0.0001
stepsize =
2e-20
fisher matrix =
[[334575.508397078, -93091.3484843993, 6716.857322845177, 10043504880910.682, -33146.24175880618, -113658.33044742532, 1.2211011129843894e+18], [-93091.3484843993, 36880.126594313326, -2298.5929317732102, -2899122570641.7554, 10869.702261225888, 21421.548667525785, -2.152820827024425e+18], [6716.857322845177, -2298.5929317732107, 1076.8240604870093, 651167780612.0796, -2965.884780412927, -3755.0378597785266, 1.784036842977919e+17], [10043504880910.682, -2899122570641.7554, 651167780612.0796, 9.033281405086142e+20, -3754667593147.7153, -2983488874610.942, -8.611487684214933e+25], [-33146.24175880618, 10869.702261225888, -2965.884780412927, -3754667593147.7153, 16664.90054540058, 9728.622717154847, 1.2150177759344614e+17], [-113658.33044742531, 21421.54866752579, -3755.037859778526, -2983488874610.942, 9728.622717154847, 75008.55489457533, -1.3805821367099333e+17], [1.2211011129843894e+18, -2.152820827024425e+18, 1.784036842977919e+17, -8.611487684214933e+25, 1.2150177759344616e+17, -1.3805821367099333e+17, 5.518468701957356e+32]]
sigma_dmb
from cov matrix =
8.728731339382894e-17
relative bulk velocity
0.0
