n-power=
4
dm_mass=
0.001
stepsize =
1.0669676460233537e-16
fisher matrix =
[[334575.508397078, -93091.3484843993, 6716.857322845177, 10043504880910.682, -33146.24175880618, -113658.33044742532, 1.3382926735215716e+16], [-93091.3484843993, 36880.126594313326, -2298.5929317732102, -2899122570641.7554, 10869.702261225888, 21421.548667525785, -1.4947656606536046e+16], [6716.857322845177, -2298.5929317732107, 1076.8240604870093, 651167780612.0796, -2965.884780412927, -3755.0378597785266, 1218381120680989.8], [10043504880910.682, -2899122570641.7554, 651167780612.0796, 9.033281405086142e+20, -3754667593147.7153, -2983488874610.942, -2.099484679731402e+23], [-33146.24175880618, 10869.702261225888, -2965.884780412927, -3754667593147.7153, 16664.90054540058, 9728.622717154847, -388406632226340.5], [-113658.33044742531, 21421.54866752579, -3755.037859778526, -2983488874610.942, 9728.622717154847, 75008.55489457533, -2080971606648754.5], [1.3382926735215716e+16, -1.4947656606536046e+16, 1218381120680989.8, -2.099484679731402e+23, -388406632226340.5, -2080971606648754.5, 2.033907310876139e+28]]
sigma_dmb
from cov matrix =
1.4400357839283265e-14
relative bulk velocity
0.0
