n-power=
4
dm_mass=
0.01
stepsize =
1.8973665961010275e-15
fisher matrix =
[[283869463.56835717, -60997278.374325596, -18912236.779917523, 654900329180176.6, 2957046.9997130386, -2893012.967788466, 3.43755246655082e+18], [-60997278.374325596, 33585936.82840459, 7561974.710442033, -1281397800119914.0, -1309309.6225795136, 5654817.8806241, -1.5929398547209439e+18], [-18912236.779917523, 7561974.710442033, 1960245.5749461956, -179192483598174.44, -305893.4223233945, 787374.855131063, -3.080355342227623e+17], [654900329180176.8, -1281397800119914.0, -179192483598174.47, 1.7553844158620006e+23, 185714510616030.97, -771430396932691.0, 2.297333412183514e+26], [2957046.9997130386, -1309309.6225795136, -305893.4223233945, 185714510616030.97, 388061.2815816893, -818252.6267549085, 4.030489942902721e+17], [-2893012.9677884667, 5654817.8806241, 787374.855131063, -771430396932690.9, -818252.6267549086, 3393692.4900117232, -1.0131780208294555e+18], [3.43755246655082e+18, -1.5929398547209439e+18, -3.080355342227623e+17, 2.297333412183514e+26, 4.030489942902721e+17, -1.0131780208294555e+18, 5.078891357307858e+29]]
sigma_dmb
from cov matrix =
4.482835606423951e-15
relative bulk velocity
0.0
