n-power=
4
dm_mass=
0.1
stepsize =
3.374047951142095e-14
fisher matrix =
[[283869463.56835717, -60997278.374325596, -18912236.779917523, 654900329180176.6, 2957046.9997130386, -2893012.967788466, 3.3125222654900484e+16], [-60997278.374325596, 33585936.82840459, 7561974.710442033, -1281397800119914.0, -1309309.6225795136, 5654817.8806241, -1.5254610422565428e+16], [-18912236.779917523, 7561974.710442033, 1960245.5749461956, -179192483598174.44, -305893.4223233945, 787374.855131063, -2921340906557116.5], [654900329180176.8, -1281397800119914.0, -179192483598174.47, 1.7553844158620006e+23, 185714510616030.97, -771430396932691.0, 2.2493010382771531e+24], [2957046.9997130386, -1309309.6225795136, -305893.4223233945, 185714510616030.97, 388061.2815816893, -818252.6267549085, 3966077225389241.0], [-2893012.9677884667, 5654817.8806241, 787374.855131063, -771430396932690.9, -818252.6267549086, 3393692.4900117232, -9923456541604610.0], [3.312522265490049e+16, -1.5254610422565428e+16, -2921340906557117.0, 2.2493010382771531e+24, 3966077225389241.0, -9923456541604610.0, 4.982774469846049e+25]]
sigma_dmb
from cov matrix =
4.340580408654075e-13
relative bulk velocity
0.0
