n-power=
4
dm_mass=
100
stepsize =
1.8973665961010278e-10
fisher matrix =
[[334575.508397078, -93091.3484843993, 6716.857322845177, 10043504880910.682, -33146.24175880618, -113658.33044742532, 451376565.2248274], [-93091.3484843993, 36880.126594313326, -2298.5929317732102, -2899122570641.7554, 10869.702261225888, 21421.548667525785, -461725114.3784149], [6716.857322845177, -2298.5929317732107, 1076.8240604870093, 651167780612.0796, -2965.884780412927, -3755.0378597785266, 38091288.850374915], [10043504880910.682, -2899122570641.7554, 651167780612.0796, 9.033281405086142e+20, -3754667593147.7153, -2983488874610.942, -3221513617077730.5], [-33146.24175880618, 10869.702261225888, -2965.884780412927, -3754667593147.7153, 16664.90054540058, 9728.622717154847, -22824001.76290313], [-113658.33044742531, 21421.54866752579, -3755.037859778526, -2983488874610.942, 9728.622717154847, 75008.55489457533, -74195711.09341165], [451376565.2248274, -461725114.3784149, 38091288.850374915, -3221513617077730.5, -22824001.76290313, -74195711.09341165, 18140814763371.29]]
sigma_dmb
from cov matrix =
4.822643633329092e-07
relative bulk velocity
0.0
