n-power=
4
dm_mass=
1e-05
stepsize =
2e-22
fisher matrix =
[[283869463.56835717, -60997278.374325596, -18912236.779917523, 654900329180176.6, 2957046.9997130386, -2893012.967788466, 5.11189366614171e+24], [-60997278.374325596, 33585936.82840459, 7561974.710442033, -1281397800119914.0, -1309309.6225795136, 5654817.8806241, -2.3453600745621063e+24], [-18912236.779917523, 7561974.710442033, 1960245.5749461956, -179192483598174.44, -305893.4223233945, 787374.855131063, -4.448043909100645e+23], [654900329180176.8, -1281397800119914.0, -179192483598174.47, 1.7553844158620006e+23, 185714510616030.97, -771430396932691.0, 3.4979601570243545e+32], [2957046.9997130386, -1309309.6225795136, -305893.4223233945, 185714510616030.97, 388061.2815816893, -818252.6267549085, 6.194839144820044e+23], [-2893012.9677884667, 5654817.8806241, 787374.855131063, -771430396932690.9, -818252.6267549086, 3393692.4900117232, -1.5442987265892516e+24], [5.11189366614171e+24, -2.3453600745621058e+24, -4.448043909100645e+23, 3.497960157024354e+32, 6.194839144820044e+23, -1.5442987265892516e+24, 1.2386285822569802e+42]]
sigma_dmb
from cov matrix =
2.614326057121499e-21
relative bulk velocity
0.0
