n-power=
4
dm_mass=
1e-05
stepsize =
2e-22
fisher matrix =
[[334575.508397078, -93091.3484843993, 6716.857322845177, 10043504880910.682, -33146.24175880618, -113658.33044742532, 1.7802110280402144e+20], [-93091.3484843993, 36880.126594313326, -2298.5929317732102, -2899122570641.7554, 10869.702261225888, 21421.548667525785, -3.311314202917881e+20], [6716.857322845177, -2298.5929317732107, 1076.8240604870093, 651167780612.0796, -2965.884780412927, -3755.0378597785266, 2.6146637972476203e+19], [10043504880910.682, -2899122570641.7554, 651167780612.0796, 9.033281405086142e+20, -3754667593147.7153, -2983488874610.942, -1.471395931653575e+28], [-33146.24175880618, 10869.702261225888, -2965.884780412927, -3754667593147.7153, 16664.90054540058, 9728.622717154847, 2.452552405415182e+19], [-113658.33044742531, 21421.54866752579, -3755.037859778526, -2983488874610.942, 9728.622717154847, 75008.55489457533, -1.5576505767450262e+19], [1.780211028040214e+20, -3.311314202917881e+20, 2.6146637972476203e+19, -1.471395931653575e+28, 2.452552405415182e+19, -1.5576505767450262e+19, 1.3217784437124164e+37]]
sigma_dmb
from cov matrix =
5.70996947724448e-19
relative bulk velocity
0.0
