n-power=
4
dm_mass=
1
stepsize =
6e-13
fisher matrix =
[[283869463.56835717, -60997278.374325596, -18912236.779917523, 654900329180176.6, 2957046.9997130386, -2893012.967788466, 1054681571436978.8], [-60997278.374325596, 33585936.82840459, 7561974.710442033, -1281397800119914.0, -1309309.6225795136, 5654817.8806241, -511966136783678.75], [-18912236.779917523, 7561974.710442033, 1960245.5749461956, -179192483598174.44, -305893.4223233945, 787374.855131063, -98471536904113.64], [654900329180176.8, -1281397800119914.0, -179192483598174.47, 1.7553844158620006e+23, 185714510616030.97, -771430396932691.0, 7.205330092780545e+22], [2957046.9997130386, -1309309.6225795136, -305893.4223233945, 185714510616030.97, 388061.2815816893, -818252.6267549085, 124417047265545.6], [-2893012.9677884667, 5654817.8806241, 787374.855131063, -771430396932690.9, -818252.6267549086, 3393692.4900117232, -317839764094616.75], [1054681571436978.9, -511966136783678.75, -98471536904113.64, 7.205330092780544e+22, 124417047265545.61, -317839764094616.75, 4.7899097131120675e+22]]
sigma_dmb
from cov matrix =
1.5378827103201135e-11
relative bulk velocity
0.0
