n-power=
4
dm_mass=
1
stepsize =
6e-13
fisher matrix =
[[334575.508397078, -93091.3484843993, 6716.857322845177, 10043504880910.682, -33146.24175880618, -113658.33044742532, 39172186741.987885], [-93091.3484843993, 36880.126594313326, -2298.5929317732102, -2899122570641.7554, 10869.702261225888, 21421.548667525785, -51740540005.65933], [6716.857322845177, -2298.5929317732107, 1076.8240604870093, 651167780612.0796, -2965.884780412927, -3755.0378597785266, 4315277379.794947], [10043504880910.682, -2899122570641.7554, 651167780612.0796, 9.033281405086142e+20, -3754667593147.7153, -2983488874610.942, -1.2368315860314806e+18], [-33146.24175880618, 10869.702261225888, -2965.884780412927, -3754667593147.7153, 16664.90054540058, 9728.622717154847, 183557589.55155417], [-113658.33044742531, 21421.54866752579, -3755.037859778526, -2983488874610.942, 9728.622717154847, 75008.55489457533, -5823269788.527457], [39172186741.987885, -51740540005.65933, 4315277379.794947, -1.2368315860314806e+18, 183557589.551554, -5823269788.527457, 2.750631163061444e+17]]
sigma_dmb
from cov matrix =
3.8787173557765815e-09
relative bulk velocity
0.0
