n-power=
0
dm_mass=
1
stepsize =
2e-26
fisher matrix =
[[2585366861.749479, -567331664.1628382, -158056095.52292746, 1.6388601517909966e+16, 52412248.478776544, -72132951.11615236, -1.488701552330609e+30], [-567331664.1628382, 217229334.022305, 57160374.753772944, -3785123375545418.5, -8717210.83885692, 16658723.85859972, -2.4578072897696697e+28], [-158056095.52292743, 57160374.753772944, 15382213.870392647, -828003340320629.4, -2248812.942014912, 3644280.7237888235, -9.300709500686673e+27], [1.6388601517909966e+16, -3785123375545418.0, -828003340320629.4, 4.08767359240478e+23, 835094775946270.6, -1799037511966753.5, -3.3512910149929273e+37], [52412248.478776544, -8717210.838856922, -2248812.942014912, 835094775946270.6, 2163996.206414342, -3675581.6958150472, -8.767966966033185e+28], [-72132951.11615236, 16658723.85859972, 3644280.7237888235, -1799037511966753.5, -3675581.6958150472, 7917795.728975302, 1.475013533301705e+29], [-1.488701552330609e+30, -2.45780728976967e+28, -9.300709500686674e+27, -3.3512910149929273e+37, -8.767966966033185e+28, 1.475013533301705e+29, 4.543995619408744e+51]]
relative_bulk_velocity =
0.0
2-sigma zack's method =
1.2753864357899038e-25