n-power=
0
dm_mass=
1
stepsize =
2e-26
fisher matrix =
[[25889116232015.94, -4142103985853.826, -1174320697523.5164, 1.3798802661011823e+20, 501147261091.1609, -607369939459.8015, -4.5354915800969865e+34], [-4142103985853.8267, 664064528640.9474, 187816878335.97644, -2.2035418228992684e+19, -79982851077.14984, 97140939944.1797, 6.920271126371111e+33], [-1174320697523.5164, 187816878335.97644, 53296058070.83382, -6.262898503865866e+18, -22749991598.749367, 27550073181.773567, 2.09418040829287e+33], [1.3798802661011823e+20, -2.2035418228992684e+19, -6.262898503865866e+18, 7.373631545314234e+26, 2.678631115707918e+18, -3.240207634951248e+18, -2.536646067887731e+41], [501147261091.1609, -79982851077.14983, -22749991598.749367, 2.678631115707918e+18, 9735126813.407946, -11765465798.958294, -9.368733279302858e+32], [-607369939459.8015, 97140939944.1797, 27550073181.773567, -3.240207634951248e+18, -11765465798.958292, 14258582771.85994, 1.0726804588953128e+33], [-4.535491580096986e+34, 6.920271126371111e+33, 2.09418040829287e+33, -2.536646067887731e+41, -9.368733279302858e+32, 1.0726804588953125e+33, 1.9347889276118438e+56]]
sigma_dmb
from cov matrix =
3.9527865592892153e-28
2-sigma =
9.802910667037254e-28
2-sigma zack's method =
6.150162726399331e-28