[[ 3.64112228e+09, -1.81268905e+09, -9.24469409e+07,
        -1.55209052e+16, -9.43322665e+07, -7.27023932e+07,
         2.07372448e+32],
       [-1.81268905e+09,  1.75752720e+09, -2.76908721e+07,
         3.56958093e+16,  1.75811675e+08,  1.77073914e+07,
        -2.66790691e+32],
       [-9.24469409e+07, -2.76908721e+07,  2.06397285e+07,
        -3.10201456e+15, -1.27127351e+07,  3.80486005e+06,
         1.50283213e+31],
       [-1.55209052e+16,  3.56958093e+16, -3.10201456e+15,
         1.47747473e+24,  5.62021504e+15, -1.95759886e+15,
        -6.83753313e+39],
       [-9.43322665e+07,  1.75811675e+08, -1.27127351e+07,
         5.62021504e+15,  2.49747845e+07, -3.84462333e+06,
        -3.36488813e+31],
       [-7.27023932e+07,  1.77073914e+07,  3.80486005e+06,
        -1.95759886e+15, -3.84462333e+06,  8.64154560e+06,
         1.69768987e+29],
       [ 2.07372448e+32, -2.66790691e+32,  1.50283213e+31,
        -6.83753313e+39, -3.36488813e+31,  1.69768987e+29,
         5.16494270e+55]]
2 sigma:
1.0144146105009652e-27