n-power=
0
dm_mass=
1
stepsize =
2e-26
fisher matrix =
[[3584147641.2863207, -1800433734.8818953, -88668523.67609839, -1.5657911380126016e+16, -94903788.1324267, -72055595.60349812, 2.0736752588843882e+32], [-1800433734.8818953, 1750787881.9506576, -29201887.856971662, 3.5953828320539868e+16, 176067015.4240997, 16563574.933011431, -2.667896208483044e+32], [-88668523.67609839, -29201887.856971655, 20247033.28831126, -3066566765812936.5, -12649776.88391743, 3649638.1059464784, 1.5029112242987621e+31], [-1.5657911380126016e+16, 3.5953828320539868e+16, -3066566765812936.5, 1.4418250451910467e+24, 5585324937608545.0, -1801522690384533.0, -6.836046446787507e+39], [-94903788.1324267, 176067015.4240997, -12649776.88391743, 5585324937608545.0, 24887173.29381523, -3686809.974521073, -3.364625464942868e+31], [-72055595.6034981, 16563574.933011431, 3649638.1059464784, -1801522690384533.0, -3686809.974521073, 7917801.968955774, 1.632549561236224e+29], [2.0736752588843882e+32, -2.667896208483044e+32, 1.5029112242987621e+31, -6.836046446787507e+39, -3.364625464942868e+31, 1.6325495612362243e+29, 5.164930182502108e+55]]
sigma_dmb
from cov matrix =
6.917948102817465e-28
relative_bulk_velocity =
0.0
2-sigma zack's method =
1.0766674039934397e-27