n-power=
-2
dm_mass=
0.0001
stepsize =
3e-35
fisher matrix =
[[2737513669.268865, -779914318.2269955, -120427564.25192468, 1.1218120558518204e+16, 24570950.678117216, -83089685.04806302, 8.64830498936951e+38], [-779914318.2269953, 521320567.8122918, 31235893.664776534, 5053727344938481.0, 23315142.66291231, 17951618.820151698, -1.5010654435687804e+39], [-120427564.25192468, 31235893.664776538, 14630147.108160576, -1484571443951457.8, -4000873.724578171, 4075896.2249238905, 1.0525322450788005e+38], [1.1218120558518204e+16, 5053727344938482.0, -1484571443951457.8, 7.87693825480095e+23, 1866805655351377.0, -2267428836176695.0, -5.708920315294476e+46], [24570950.67811722, 23315142.66291231, -4000873.724578171, 1866805655351377.0, 5491475.856771744, -4289708.6322540995, -1.8775869419730593e+38], [-83089685.04806302, 17951618.820151698, 4075896.2249238905, -2267428836176695.0, -4289708.6322540995, 9751426.855704302, 6.014639293797883e+37], [8.64830498936951e+38, -1.5010654435687804e+39, 1.0525322450788005e+38, -5.708920315294476e+46, -1.8775869419730593e+38, 6.014639293797883e+37, 8.340812905610371e+69]]
sigma_dmb
from cov matrix =
6.066336684092332e-35
2-sigma =
1.5044514976548984e-34
2-sigma zack's method =
9.442097777514103e-35