n-power=
-4
dm_mass=
1000
stepsize =
1e-39
fisher matrix =
[[256435893581.12686, -29776046383.02648, -7419659687.458143, 8.808901786089398e+17, 3427601134.139993, -4228315504.6077895, -2.508518996236936e+45], [-29776046383.026478, 8336506467.93758, 1028124901.3589946, 4043700566583479.0, 103003744.05470017, 419134005.55432063, -8.304061257689216e+44], [-7419659687.458142, 1028124901.3589945, 357984694.2885425, -3.212505776823924e+16, -128414122.21582194, 116732473.65778747, 1.5316992275621292e+44], [8.808901786089398e+17, 4043700566583473.0, -3.212505776823924e+16, 7.747932644628702e+24, 2.952788095956414e+16, -2.2729754413791104e+16, -4.7156570384506727e+52], [3427601134.139993, 103003744.05470017, -128414122.21582194, 2.952788095956414e+16, 122740777.63268231, -77727013.48449327, -2.0244353547031375e+44], [-4228315504.6077895, 419134005.55432063, 116732473.65778747, -2.2729754413791104e+16, -77727013.48449329, 100292993.05216442, 7.781675963535673e+43], [-2.508518996236936e+45, -8.304061257689216e+44, 1.5316992275621292e+44, -4.7156570384506727e+52, -2.0244353547031375e+44, 7.781675963535673e+43, 4.066813014999483e+80]]
sigma_dmb
from cov matrix =
7.140411806987848e-40
2-sigma =
1.7708221281329865e-39
2-sigma zack's method =
1.1092627603630828e-39