n-power=
-4
dm_mass=
10
stepsize =
8e-42
fisher matrix =
[[256435893581.12686, -29776046383.02648, -7419659687.458143, 8.808901786089398e+17, 3427601134.139993, -4228315504.6077895, -2.2951619338216302e+47], [-29776046383.026478, 8336506467.93758, 1028124901.3589946, 4043700566583479.0, 103003744.05470017, 419134005.55432063, -7.603982723735609e+46], [-7419659687.458142, 1028124901.3589945, 357984694.2885425, -3.212505776823924e+16, -128414122.21582194, 116732473.65778747, 1.4023103312890972e+46], [8.808901786089398e+17, 4043700566583473.0, -3.212505776823924e+16, 7.747932644628702e+24, 2.952788095956414e+16, -2.2729754413791104e+16, -4.316957783434057e+54], [3427601134.139993, 103003744.05470017, -128414122.21582194, 2.952788095956414e+16, 122740777.63268231, -77727013.48449327, -1.8533829959711137e+46], [-4228315504.6077895, 419134005.55432063, 116732473.65778747, -2.2729754413791104e+16, -77727013.48449329, 100292993.05216442, 7.12159312421576e+45], [-2.29516193382163e+47, -7.603982723735609e+46, 1.4023103312890972e+46, -4.316957783434057e+54, -1.8533829959711137e+46, 7.12159312421576e+45, 3.409016695557831e+84]]
sigma_dmb
from cov matrix =
7.815716591301127e-42
2-sigma =
1.9382977146426794e-41
2-sigma zack's method =
1.2164130838513515e-41