n-power=
-4
dm_mass=
1e-06
stepsize =
1e-43
fisher matrix =
[[256435893581.12686, -29776046383.02648, -7419659687.458143, 8.808901786089398e+17, 3427601134.139993, -4228315504.6077895, -2.668047554815658e+48], [-29776046383.026478, 8336506467.93758, 1028124901.3589946, 4043700566583479.0, 103003744.05470017, 419134005.55432063, -8.874452432104893e+47], [-7419659687.458142, 1028124901.3589945, 357984694.2885425, -3.212505776823924e+16, -128414122.21582194, 116732473.65778747, 1.6359875866992199e+47], [8.808901786089398e+17, 4043700566583473.0, -3.212505776823924e+16, 7.747932644628702e+24, 2.952788095956414e+16, -2.2729754413791104e+16, -5.028952273626767e+55], [3427601134.139993, 103003744.05470017, -128414122.21582194, 2.952788095956414e+16, 122740777.63268231, -77727013.48449327, -2.1602791179211347e+47], [-4228315504.6077895, 419134005.55432063, 116732473.65778747, -2.2729754413791104e+16, -77727013.48449329, 100292993.05216442, 8.273286209354521e+46], [-2.668047554815658e+48, -8.874452432104893e+47, 1.6359875866992199e+47, -5.028952273626767e+55, -2.1602791179211347e+47, 8.273286209354521e+46, 4.63722910714202e+86]]
sigma_dmb
from cov matrix =
6.5367284640739884e-43
2-sigma =
1.6211086590903492e-42
2-sigma zack's method =
1.0173273487155096e-42