n-power=
-4
dm_mass=
0.001
stepsize =
2.5e-43
fisher matrix =
[[2737513669.268865, -779914318.2269955, -120427564.25192468, 1.1218120558518204e+16, 24570950.678117216, -83089685.04806302, 2.0696403678875252e+46], [-779914318.2269953, 521320567.8122918, 31235893.664776534, 5053727344938481.0, 23315142.66291231, 17951618.820151698, -8.129229680222915e+46], [-120427564.25192468, 31235893.664776538, 14630147.108160576, -1484571443951457.8, -4000873.724578171, 4075896.2249238905, 7.295923863951108e+45], [1.1218120558518204e+16, 5053727344938482.0, -1484571443951457.8, 7.87693825480095e+23, 1866805655351377.0, -2267428836176695.0, -4.118359086644757e+54], [24570950.67811722, 23315142.66291231, -4000873.724578171, 1866805655351377.0, 5491475.856771744, -4289708.6322540995, -1.2264509770594098e+46], [-83089685.04806302, 17951618.820151698, 4075896.2249238905, -2267428836176695.0, -4289708.6322540995, 9751426.855704302, 6.947932752630994e+45], [2.0696403678875252e+46, -8.129229680222915e+46, 7.295923863951108e+45, -4.118359086644757e+54, -1.2264509770594098e+46, 6.947932752630994e+45, 3.061918731032319e+85]]
sigma_dmb
from cov matrix =
1.9034463946677875e-42
2-sigma =
4.720547058776113e-42
2-sigma zack's method =
2.9606504564815376e-42