n-power=
-4
dm_mass=
0.1
stepsize =
5e-43
fisher matrix =
[[2737513669.268865, -779914318.2269955, -120427564.25192468, 1.1218120558518204e+16, 24570950.678117216, -83089685.04806302, 1.7962294638703254e+46], [-779914318.2269953, 521320567.8122918, 31235893.664776534, 5053727344938481.0, 23315142.66291231, 17951618.820151698, -7.339409501365693e+46], [-120427564.25192468, 31235893.664776538, 14630147.108160576, -1484571443951457.8, -4000873.724578171, 4075896.2249238905, 6.618012795147813e+45], [1.1218120558518204e+16, 5053727344938482.0, -1484571443951457.8, 7.87693825480095e+23, 1866805655351377.0, -2267428836176695.0, -3.73377024968691e+54], [24570950.67811722, 23315142.66291231, -4000873.724578171, 1866805655351377.0, 5491475.856771744, -4289708.6322540995, -1.1113177630439546e+46], [-83089685.04806302, 17951618.820151698, 4075896.2249238905, -2267428836176695.0, -4289708.6322540995, 9751426.855704302, 6.328325455108759e+45], [1.796229463870326e+46, -7.339409501365693e+46, 6.618012795147813e+45, -3.73377024968691e+54, -1.1113177630439546e+46, 6.32832545510876e+45, 2.5083954886840387e+85]]
sigma_dmb
from cov matrix =
2.1195885999949507e-42
2-sigma =
5.256579727987478e-42
2-sigma zack's method =
3.29456950083969e-42