n-power=
-4
dm_mass=
10
stepsize =
8e-42
fisher matrix =
[[2737513669.268865, -779914318.2269955, -120427564.25192468, 1.1218120558518204e+16, 24570950.678117216, -83089685.04806302, 1.713203359990311e+45], [-779914318.2269953, 521320567.8122918, 31235893.664776534, 5053727344938481.0, 23315142.66291231, 17951618.820151698, -6.972923994349544e+45], [-120427564.25192468, 31235893.664776538, 14630147.108160576, -1484571443951457.8, -4000873.724578171, 4075896.2249238905, 6.28196890293439e+44], [1.1218120558518204e+16, 5053727344938482.0, -1484571443951457.8, 7.87693825480095e+23, 1866805655351377.0, -2267428836176695.0, -3.544094994553395e+53], [24570950.67811722, 23315142.66291231, -4000873.724578171, 1866805655351377.0, 5491475.856771744, -4289708.6322540995, -1.0550706201087669e+45], [-83089685.04806302, 17951618.820151698, 4075896.2249238905, -2267428836176695.0, -4289708.6322540995, 9751426.855704302, 6.000605024004966e+44], [1.713203359990311e+45, -6.972923994349544e+45, 6.28196890293439e+44, -3.5440949945533945e+53, -1.0550706201087669e+45, 6.000605024004966e+44, 2.2616988983291103e+83]]
sigma_dmb
from cov matrix =
2.227242647739833e-41
2-sigma =
5.523561766394786e-41
2-sigma zack's method =
3.4667555774629943e-41