n-power=
-4
dm_mass=
1
stepsize =
1e-40
fisher matrix =
[[2737513669.268865, -779914318.2269955, -120427564.25192468, 1.1218120558518204e+16, 24570950.678117216, -83089685.04806302, 5.7065505906466964e+45], [-779914318.2269953, 521320567.8122918, 31235893.664776534, 5053727344938481.0, 23315142.66291231, 17951618.820151698, -3.2926568395855084e+46], [-120427564.25192468, 31235893.664776538, 14630147.108160576, -1484571443951457.8, -4000873.724578171, 4075896.2249238905, 3.105046956666452e+45], [1.1218120558518204e+16, 5053727344938482.0, -1484571443951457.8, 7.87693825480095e+23, 1866805655351377.0, -2267428836176695.0, -1.765425876881652e+54], [24570950.67811722, 23315142.66291231, -4000873.724578171, 1866805655351377.0, 5491475.856771744, -4289708.6322540995, -5.17447850713467e+45], [-83089685.04806302, 17951618.820151698, 4075896.2249238905, -2267428836176695.0, -4289708.6322540995, 9751426.855704302, 3.166719069896104e+45], [5.7065505906466964e+45, -3.2926568395855084e+46, 3.105046956666452e+45, -1.765425876881652e+54, -5.17447850713467e+45, 3.166719069896104e+45, 5.352361696313147e+84]]
sigma_dmb
from cov matrix =
5.0624070927396534e-42
2-sigma =
1.2554769589994342e-41
2-sigma zack's method =
7.88073568355947e-42