n-power=
-4
dm_mass=
1
stepsize =
2.5e-43
fisher matrix =
[[2737513669.268865, -779914318.2269955, -120427564.25192468, 1.1218120558518204e+16, 24570950.678117216, -83089685.04806302, 9.590600710251026e+45], [-779914318.2269953, 521320567.8122918, 31235893.664776534, 5053727344938481.0, 23315142.66291231, 17951618.820151698, -3.93560545796247e+46], [-120427564.25192468, 31235893.664776538, 14630147.108160576, -1484571443951457.8, -4000873.724578171, 4075896.2249238905, 3.5627076040951777e+45], [1.1218120558518204e+16, 5053727344938482.0, -1484571443951457.8, 7.87693825480095e+23, 1866805655351377.0, -2267428836176695.0, -2.0024082951467003e+54], [24570950.67811722, 23315142.66291231, -4000873.724578171, 1866805655351377.0, 5491475.856771744, -4289708.6322540995, -5.961389685579117e+45], [-83089685.04806302, 17951618.820151698, 4075896.2249238905, -2267428836176695.0, -4289708.6322540995, 9751426.855704302, 3.389623985699505e+45], [9.590600710251028e+45, -3.93560545796247e+46, 3.5627076040951777e+45, -2.0024082951467003e+54, -5.961389685579117e+45, 3.389623985699505e+45, 7.221387433473276e+84]]
sigma_dmb
from cov matrix =
3.894731502570488e-42
2-sigma =
9.65893412637481e-42
2-sigma zack's method =
6.06207030726942e-42