n-power=
0
dm_mass=
0.001
stepsize =
7.09626778467151e-27
fisher matrix =
[[284204039.0767543, -61090369.72280999, -18905519.922594678, 664943834061087.5, 2923900.7579542357, -3006671.29823589, 3.3767070771222935e+29], [-61090369.72280999, 33622816.95499895, 7559676.117510259, -1284296922690555.5, -1298439.9203182878, 5676239.4292916255, -2.3728970400205366e+29], [-18905519.922594678, 7559676.117510259, 1961322.399006683, -178541315817562.38, -308859.3071038075, 783619.8172712845, -5.202713037152347e+28], [664943834061087.6, -1284296922690555.5, -178541315817562.38, 1.7644176972670874e+23, 181959843022883.28, -774413885807301.8, 3.5071899337725666e+36], [2923900.757954236, -1298439.9203182878, -308859.3071038075, 181959843022883.28, 404726.18212709005, -808524.0040377536, -1.9908068806293918e+27], [-3006671.29823589, 5676239.4292916255, 783619.8172712845, -774413885807301.9, -808524.0040377537, 3468701.0449062972, -1.6079507265930858e+28], [3.3767070771222935e+29, -2.3728970400205366e+29, -5.202713037152347e+28, 3.5071899337725666e+36, -1.9908068806293918e+27, -1.6079507265930858e+28, 2.6013344990522166e+51]]
sigma_dmb
from cov matrix =
4.772331068141395e-26
2-sigma =
7.424431371562693e-26