n-power=
0
dm_mass=
0.0001
stepsize =
2e-27
fisher matrix =
[[284204039.0767543, -61090369.72280999, -18905519.922594678, 664943834061087.5, 2923900.7579542357, -3006671.29823589, 5.030774130635986e+29], [-61090369.72280999, 33622816.95499895, 7559676.117510259, -1284296922690555.5, -1298439.9203182878, 5676239.4292916255, -3.6695840468312184e+29], [-18905519.922594678, 7559676.117510259, 1961322.399006683, -178541315817562.38, -308859.3071038075, 783619.8172712845, -7.766568206270822e+28], [664943834061087.6, -1284296922690555.5, -178541315817562.38, 1.7644176972670874e+23, 181959843022883.28, -774413885807301.8, 1.2681324097813762e+37], [2923900.757954236, -1298439.9203182878, -308859.3071038075, 181959843022883.28, 404726.18212709005, -808524.0040377536, 9.581229317888733e+27], [-3006671.29823589, 5676239.4292916255, 783619.8172712845, -774413885807301.9, -808524.0040377537, 3468701.0449062972, -5.669303828096346e+28], [5.030774130635986e+29, -3.6695840468312184e+29, -7.766568206270822e+28, 1.2681324097813762e+37, 9.581229317888733e+27, -5.669303828096347e+28, 5.125460024328132e+51]]
sigma_dmb
from cov matrix =
3.437223004557287e-26
2-sigma =
5.347342934071158e-26