n-power=
0
dm_mass=
0.01
stepsize =
1.0023744672545445e-26
fisher matrix =
[[284204039.0767543, -61090369.72280999, -18905519.922594678, 664943834061087.5, 2923900.7579542357, -3006671.29823589, 1.6494034615821575e+29], [-61090369.72280999, 33622816.95499895, 7559676.117510259, -1284296922690555.5, -1298439.9203182878, 5676239.4292916255, -9.827797690476009e+28], [-18905519.922594678, 7559676.117510259, 1961322.399006683, -178541315817562.38, -308859.3071038075, 783619.8172712845, -2.4898155397106984e+28], [664943834061087.6, -1284296922690555.5, -178541315817562.38, 1.7644176972670874e+23, 181959843022883.28, -774413885807301.8, -7.060048020496477e+36], [2923900.757954236, -1298439.9203182878, -308859.3071038075, 181959843022883.28, 404726.18212709005, -808524.0040377536, -1.5348992773106842e+28], [-3006671.29823589, 5676239.4292916255, 783619.8172712845, -774413885807301.9, -808524.0040377537, 3468701.0449062972, 3.06581645844326e+28], [1.649403461582157e+29, -9.827797690476009e+28, -2.4898155397106984e+28, -7.060048020496477e+36, -1.5348992773106842e+28, 3.06581645844326e+28, 1.715274274555609e+51]]
sigma_dmb
from cov matrix =
7.536645791595528e-26
2-sigma =
1.1720963557408392e-25