n-power=
0
dm_mass=
0.01
stepsize =
1.0023744672545445e-26
fisher matrix =
[[283869463.56835717, -60997278.374325596, -18912236.779917523, 654900329180176.6, 2957046.9997130386, -2893012.967788466, 1.6470778067700303e+29], [-60997278.374325596, 33585936.82840459, 7561974.710442033, -1281397800119914.0, -1309309.6225795136, 5654817.8806241, -9.816529253224283e+28], [-18912236.779917523, 7561974.710442033, 1960245.5749461956, -179192483598174.44, -305893.4223233945, 787374.855131063, -2.4910006744665663e+28], [654900329180176.8, -1281397800119914.0, -179192483598174.47, 1.7553844158620006e+23, 185714510616030.97, -771430396932691.0, -7.070259183120553e+36], [2957046.9997130386, -1309309.6225795136, -305893.4223233945, 185714510616030.97, 388061.2815816893, -818252.6267549085, -1.5306062690094466e+28], [-2893012.9677884667, 5654817.8806241, 787374.855131063, -771430396932690.9, -818252.6267549086, 3393692.4900117232, 3.0710547598547377e+28], [1.6470778067700307e+29, -9.816529253224283e+28, -2.4910006744665663e+28, -7.070259183120553e+36, -1.5306062690094466e+28, 3.071054759854738e+28, 1.7147846062744283e+51]]
sigma_dmb
from cov matrix =
8.068091364508068e-26
relative bulk velocity
0.0
