n-power=
0
dm_mass=
0.1
stepsize =
1.415891568768276e-26
fisher matrix =
[[284204039.0767543, -61090369.72280999, -18905519.922594678, 664943834061087.5, 2923900.7579542357, -3006671.29823589, 7.489373190653917e+28], [-61090369.72280999, 33622816.95499895, 7559676.117510259, -1284296922690555.5, -1298439.9203182878, 5676239.4292916255, -3.1711515564090177e+28], [-18905519.922594678, 7559676.117510259, 1961322.399006683, -178541315817562.38, -308859.3071038075, 783619.8172712845, -1.157779801801638e+28], [664943834061087.6, -1284296922690555.5, -178541315817562.38, 1.7644176972670874e+23, 181959843022883.28, -774413885807301.8, -1.1728872025178539e+37], [2923900.757954236, -1298439.9203182878, -308859.3071038075, 181959843022883.28, 404726.18212709005, -808524.0040377536, -2.1352819903784467e+28], [-3006671.29823589, 5676239.4292916255, 783619.8172712845, -774413885807301.9, -808524.0040377537, 3468701.0449062972, 5.1327646104120865e+28], [7.489373190653917e+28, -3.1711515564090177e+28, -1.157779801801638e+28, -1.1728872025178539e+37, -2.1352819903784467e+28, 5.1327646104120865e+28, 1.858927407862706e+51]]
sigma_dmb
from cov matrix =
9.802816574107085e-26
2-sigma =
1.524555669920806e-25