n-power=
0
dm_mass=
1000
stepsize =
5.636765862528908e-26
fisher matrix =
[[284204039.0767543, -61090369.72280999, -18905519.922594678, 664943834061087.5, 2923900.7579542357, -3006671.29823589, 8.48768999655542e+25], [-61090369.72280999, 33622816.95499895, 7559676.117510259, -1284296922690555.5, -1298439.9203182878, 5676239.4292916255, 1.0127627564337218e+25], [-18905519.922594678, 7559676.117510259, 1961322.399006683, -178541315817562.38, -308859.3071038075, 783619.8172712845, -6.292339408611102e+24], [664943834061087.6, -1284296922690555.5, -178541315817562.38, 1.7644176972670874e+23, 181959843022883.28, -774413885807301.8, -1.7224428067826495e+34], [2923900.757954236, -1298439.9203182878, -308859.3071038075, 181959843022883.28, 404726.18212709005, -808524.0040377536, -2.6540130337318906e+25], [-3006671.29823589, 5676239.4292916255, 783619.8172712845, -774413885807301.9, -808524.0040377537, 3468701.0449062972, 7.553268908176532e+25], [8.487689996555418e+25, 1.0127627564337214e+25, -6.292339408611103e+24, -1.7224428067826495e+34, -2.6540130337318906e+25, 7.553268908176532e+25, 3.063819417955184e+45]]
sigma_dmb
from cov matrix =
4.551374038402794e-23
2-sigma =
7.08803762394084e-23