n-power=
0
dm_mass=
100
stepsize =
3.990524629937759e-26
fisher matrix =
[[284204039.0767543, -61090369.72280999, -18905519.922594678, 664943834061087.5, 2923900.7579542357, -3006671.29823589, 7.222277448791485e+26], [-61090369.72280999, 33622816.95499895, 7559676.117510259, -1284296922690555.5, -1298439.9203182878, 5676239.4292916255, -1.0241563688244636e+26], [-18905519.922594678, 7559676.117510259, 1961322.399006683, -178541315817562.38, -308859.3071038075, 783619.8172712845, -8.839187176846304e+25], [664943834061087.6, -1284296922690555.5, -178541315817562.38, 1.7644176972670874e+23, 181959843022883.28, -774413885807301.8, -1.4954463797937228e+35], [2923900.757954236, -1298439.9203182878, -308859.3071038075, 181959843022883.28, 404726.18212709005, -808524.0040377536, -2.5207609524747755e+26], [-3006671.29823589, 5676239.4292916255, 783619.8172712845, -774413885807301.9, -808524.0040377537, 3468701.0449062972, 6.555019819539236e+26], [7.222277448791483e+26, -1.0241563688244636e+26, -8.839187176846302e+25, -1.4954463797937232e+35, -2.5207609524747755e+26, 6.555019819539237e+26, 2.4092552535957497e+47]]
sigma_dmb
from cov matrix =
9.514426313126653e-24
2-sigma =
1.478218038927589e-23
