n-power=
0
dm_mass=
100
stepsize =
3.990524629937759e-26
fisher matrix =
[[334575.508397078, -93091.3484843993, 6716.857322845177, 10043504880910.682, -33146.24175880618, -113658.33044742532, 1.7634893658338788e+24], [-93091.3484843993, 36880.126594313326, -2298.5929317732102, -2899122570641.7554, 10869.702261225888, 21421.548667525785, -8.265527656504263e+23], [6716.857322845177, -2298.5929317732107, 1076.8240604870093, 651167780612.0796, -2965.884780412927, -3755.0378597785266, 9.160508592758657e+22], [10043504880910.682, -2899122570641.7554, 651167780612.0796, 9.033281405086142e+20, -3754667593147.7153, -2983488874610.942, 8.198810246122613e+31], [-33146.24175880618, 10869.702261225888, -2965.884780412927, -3754667593147.7153, 16664.90054540058, 9728.622717154847, -3.417744499748258e+23], [-113658.33044742531, 21421.54866752579, -3755.037859778526, -2983488874610.942, 9728.622717154847, 75008.55489457533, -4.0959238575475314e+23], [1.7634893658338788e+24, -8.265527656504263e+23, 9.160508592758657e+22, 8.198810246122613e+31, -3.417744499748258e+23, -4.0959238575475314e+23, 2.6247471779012346e+43]]
sigma_dmb
from cov matrix =
4.882154110957778e-22
relative bulk velocity
0.0
