n-power=
0
dm_mass=
10
stepsize =
2.8250750892455087e-26
fisher matrix =
[[283869463.56835717, -60997278.374325596, -18912236.779917523, 654900329180176.6, 2957046.9997130386, -2893012.967788466, 4.140650357796329e+27], [-60997278.374325596, 33585936.82840459, 7561974.710442033, -1281397800119914.0, -1309309.6225795136, 5654817.8806241, -6.972483158613886e+26], [-18912236.779917523, 7561974.710442033, 1960245.5749461956, -179192483598174.44, -305893.4223233945, 787374.855131063, -6.695499155320885e+26], [654900329180176.8, -1281397800119914.0, -179192483598174.47, 1.7553844158620006e+23, 185714510616030.97, -771430396932691.0, -1.3436625083945718e+36], [2957046.9997130386, -1309309.6225795136, -305893.4223233945, 185714510616030.97, 388061.2815816893, -818252.6267549085, -2.3400171496471255e+27], [-2893012.9677884667, 5654817.8806241, 787374.855131063, -771430396932690.9, -818252.6267549086, 3393692.4900117232, 5.889691792206395e+27], [4.1406503577963314e+27, -6.972483158613886e+26, -6.695499155320886e+26, -1.343662508394572e+36, -2.3400171496471255e+27, 5.889691792206396e+27, 1.989589867527304e+49]]
sigma_dmb
from cov matrix =
1.2629076664965185e-24
relative bulk velocity
0.0
