n-power=
0
dm_mass=
10
stepsize =
2.8250750892455087e-26
fisher matrix =
[[284204039.0767543, -61090369.72280999, -18905519.922594678, 664943834061087.5, 2923900.7579542357, -3006671.29823589, 4.1577406178816537e+27], [-61090369.72280999, 33622816.95499895, 7559676.117510259, -1284296922690555.5, -1298439.9203182878, 5676239.4292916255, -7.051588913103804e+26], [-18905519.922594678, 7559676.117510259, 1961322.399006683, -178541315817562.38, -308859.3071038075, 783619.8172712845, -6.686865496854109e+26], [664943834061087.6, -1284296922690555.5, -178541315817562.38, 1.7644176972670874e+23, 181959843022883.28, -774413885807301.8, -1.3428697726376442e+36], [2923900.757954236, -1298439.9203182878, -308859.3071038075, 181959843022883.28, 404726.18212709005, -808524.0040377536, -2.3433004541093076e+27], [-3006671.29823589, 5676239.4292916255, 783619.8172712845, -774413885807301.9, -808524.0040377537, 3468701.0449062972, 5.885767157013114e+27], [4.157740617881656e+27, -7.051588913103804e+26, -6.68686549685411e+26, -1.3428697726376445e+36, -2.3433004541093076e+27, 5.885767157013114e+27, 1.9898243138152619e+49]]
sigma_dmb
from cov matrix =
1.1131625521023411e-24
2-sigma =
1.7319807593267257e-24