n-power=
0
dm_mass=
1e-06
stepsize =
2e-27
fisher matrix =
[[283869463.56835717, -60997278.374325596, -18912236.779917523, 654900329180176.6, 2957046.9997130386, -2893012.967788466, 2.171422393178021e+30], [-60997278.374325596, 33585936.82840459, 7561974.710442033, -1281397800119914.0, -1309309.6225795136, 5654817.8806241, -1.7457220939868526e+30], [-18912236.779917523, 7561974.710442033, 1960245.5749461956, -179192483598174.44, -305893.4223233945, 787374.855131063, -3.571288227967819e+29], [654900329180176.8, -1281397800119914.0, -179192483598174.47, 1.7553844158620006e+23, 185714510616030.97, -771430396932691.0, 8.239292953886632e+37], [2957046.9997130386, -1309309.6225795136, -305893.4223233945, 185714510616030.97, 388061.2815816893, -818252.6267549085, 7.781401135883041e+28], [-2893012.9677884667, 5654817.8806241, 787374.855131063, -771430396932690.9, -818252.6267549086, 3393692.4900117232, -3.662314263292435e+29], [2.171422393178021e+30, -1.7457220939868526e+30, -3.571288227967819e+29, 8.239292953886631e+37, 7.781401135883041e+28, -3.662314263292435e+29, 1.1421361329121356e+53]]
sigma_dmb
from cov matrix =
8.15912267674305e-27
relative bulk velocity
0.0
