n-power=
0
dm_mass=
1e-05
stepsize =
2e-27
fisher matrix =
[[284204039.0767543, -61090369.72280999, -18905519.922594678, 664943834061087.5, 2923900.7579542357, -3006671.29823589, 1.0642774226942871e+30], [-61090369.72280999, 33622816.95499895, 7559676.117510259, -1284296922690555.5, -1298439.9203182878, 5676239.4292916255, -8.273699642690996e+29], [-18905519.922594678, 7559676.117510259, 1961322.399006683, -178541315817562.38, -308859.3071038075, 783619.8172712845, -1.6999153084647073e+29], [664943834061087.6, -1284296922690555.5, -178541315817562.38, 1.7644176972670874e+23, 181959843022883.28, -774413885807301.8, 3.8896995956439636e+37], [2923900.757954236, -1298439.9203182878, -308859.3071038075, 181959843022883.28, 404726.18212709005, -808524.0040377536, 3.7513534381309054e+28], [-3006671.29823589, 5676239.4292916255, 783619.8172712845, -774413885807301.9, -808524.0040377537, 3468701.0449062972, -1.7296565915375592e+29], [1.0642774226942873e+30, -8.273699642690996e+29, -1.6999153084647073e+29, 3.889699595643964e+37, 3.751353438130905e+28, -1.7296565915375592e+29, 2.550640323768364e+52]]
sigma_dmb
from cov matrix =
1.6352252596582926e-26
2-sigma =
