n-power=
0
dm_mass=
1e-06
stepsize =
2e-27
fisher matrix =
[[284204039.0767543, -61090369.72280999, -18905519.922594678, 664943834061087.5, 2923900.7579542357, -3006671.29823589, 2.1729050843300653e+30], [-61090369.72280999, 33622816.95499895, 7559676.117510259, -1284296922690555.5, -1298439.9203182878, 5676239.4292916255, -1.7465100892637924e+30], [-18905519.922594678, 7559676.117510259, 1961322.399006683, -178541315817562.38, -308859.3071038075, 783619.8172712845, -3.570524572151744e+29], [664943834061087.6, -1284296922690555.5, -178541315817562.38, 1.7644176972670874e+23, 181959843022883.28, -774413885807301.8, 8.244987523867396e+37], [2923900.757954236, -1298439.9203182878, -308859.3071038075, 181959843022883.28, 404726.18212709005, -808524.0040377536, 7.756550287651178e+28], [-3006671.29823589, 5676239.4292916255, 783619.8172712845, -774413885807301.9, -808524.0040377537, 3468701.0449062972, -3.665501512271789e+29], [2.1729050843300653e+30, -1.7465100892637924e+30, -3.570524572151745e+29, 8.244987523867395e+37, 7.75655028765118e+28, -3.665501512271789e+29, 1.142395633919982e+53]]
sigma_dmb
from cov matrix =
7.745410504922156e-27
2-sigma =
1.2051970681828508e-26