n-power=
0
dm_mass=
1e-06
stepsize =
2e-27
fisher matrix =
[[334575.508397078, -93091.3484843993, 6716.857322845177, 10043504880910.682, -33146.24175880618, -113658.33044742532, 1.4826911520445913e+27], [-93091.3484843993, 36880.126594313326, -2298.5929317732102, -2899122570641.7554, 10869.702261225888, 21421.548667525785, -7.879952769395267e+26], [6716.857322845177, -2298.5929317732107, 1076.8240604870093, 651167780612.0796, -2965.884780412927, -3755.0378597785266, 7.636558160744774e+25], [10043504880910.682, -2899122570641.7554, 651167780612.0796, 9.033281405086142e+20, -3754667593147.7153, -2983488874610.942, 5.694569980763875e+34], [-33146.24175880618, 10869.702261225888, -2965.884780412927, -3754667593147.7153, 16664.90054540058, 9728.622717154847, -2.4850848231866636e+26], [-113658.33044742531, 21421.54866752579, -3755.037859778526, -2983488874610.942, 9728.622717154847, 75008.55489457533, -3.187248979354643e+26], [1.4826911520445913e+27, -7.879952769395267e+26, 7.636558160744774e+25, 5.694569980763875e+34, -2.4850848231866636e+26, -3.187248979354643e+26, 2.5950100784623005e+49]]
sigma_dmb
from cov matrix =
4.513085907495837e-25
relative bulk velocity
0.0
