n-power=
0
dm_mass=
1
stepsize =
2e-27
fisher matrix =
[[284148183.3164891, -61015904.504215345, -18910414.294404946, 667994998851182.1, 2923286.6257152297, -3006680.9610426603, 2.4249383687500687e+28], [-61015904.504215345, 33516506.60335837, 7566902.486292991, -1288903712064537.5, -1296130.096178818, 5676254.231190245, -2.5495869053873204e+27], [-18910414.294404946, 7566902.486292991, 1960823.5215827895, -178220086225686.66, -309063.03144342476, 783618.7785995795, -3.789843325542123e+27], [667994998851182.1, -1288903712064537.5, -178220086225686.66, 1.7623353747733095e+23, 182109987981218.2, -774413209684509.1, -7.721766629952699e+36], [2923286.6257152297, -1296130.096178818, -309063.0314434247, 182109987981218.2, 404381.73888755066, -808524.5280294, -1.3466942222540105e+28], [-3006680.9610426594, 5676254.231190245, 783618.7785995794, -774413209684509.1, -808524.5280293999, 3468701.042705234, 3.398881631207741e+28], [2.4249383687500704e+28, -2.5495869053873193e+27, -3.789843325542123e+27, -7.721766629952699e+36, -1.3466942222540105e+28, 3.398881631207741e+28, 6.4259462969667644e+50]]
sigma_dmb
from cov matrix =
2.297757241321253e-25
2-sigma =
3.5737197786654295e-25