n-power=
0
dm_mass=
1
stepsize =
2e-26
fisher matrix =
[[283869463.56835717, -60997278.374325596, -18912236.779917523, 654900329180176.6, 2957046.9997130386, -2893012.967788466, 2.4315302786711726e+28], [-60997278.374325596, 33585936.82840459, 7561974.710442033, -1281397800119914.0, -1309309.6225795136, 5654817.8806241, -5.21370474658317e+27], [-18912236.779917523, 7561974.710442033, 1960245.5749461956, -179192483598174.44, -305893.4223233945, 787374.855131063, -3.969634843023564e+27], [654900329180176.8, -1281397800119914.0, -179192483598174.47, 1.7553844158620006e+23, 185714510616030.97, -771430396932691.0, -7.446961117757014e+36], [2957046.9997130386, -1309309.6225795136, -305893.4223233945, 185714510616030.97, 388061.2815816893, -818252.6267549085, -1.3077279723134648e+28], [-2893012.9677884667, 5654817.8806241, 787374.855131063, -771430396932690.9, -818252.6267549086, 3393692.4900117232, 3.2637331690590568e+28], [2.431530278671171e+28, -5.213704746583181e+27, -3.969634843023566e+27, -7.446961117757014e+36, -1.3077279723134646e+28, 3.2637331690590568e+28, 6.258475121711004e+50]]
sigma_dmb
from cov matrix =
2.156433570498467e-25
relative bulk velocity
0.0
