n-power=
0
dm_mass=
1
stepsize =
2e-27
fisher matrix =
[[284204039.0767543, -61090369.72280999, -18905519.922594678, 664943834061087.5, 2923900.7579542357, -3006671.29823589, 2.4945144785170663e+28], [-61090369.72280999, 33622816.95499895, 7559676.117510259, -1284296922690555.5, -1298439.9203182878, 5676239.4292916255, -3.415822228775727e+27], [-18905519.922594678, 7559676.117510259, 1961322.399006683, -178541315817562.38, -308859.3071038075, 783619.8172712845, -3.735493013553054e+27], [664943834061087.6, -1284296922690555.5, -178541315817562.38, 1.7644176972670874e+23, 181959843022883.28, -774413885807301.8, -7.754229454842871e+36], [2923900.757954236, -1298439.9203182878, -308859.3071038075, 181959843022883.28, 404726.18212709005, -808524.0040377536, -1.348027456366911e+28], [-3006671.29823589, 5676239.4292916255, 783619.8172712845, -774413885807301.9, -808524.0040377537, 3468701.0449062972, 3.3988916023979692e+28], [2.4945144785170663e+28, -3.4158222287757293e+27, -3.735493013553054e+27, -7.754229454842874e+36, -1.348027456366911e+28, 3.3988916023979692e+28, 6.552630017438848e+50]]
sigma_dmb
from cov matrix =
1.9882392853111213e-25
2-sigma =
3.0931156405924662e-25