n-power=
-2
dm_mass=
0.0001
stepsize =
3e-35
fisher matrix =
[[283869463.56835717, -60997278.374325596, -18912236.779917523, 654900329180176.6, 2957046.9997130386, -2893012.967788466, -1.7784595404462536e+35], [-60997278.374325596, 33585936.82840459, 7561974.710442033, -1281397800119914.0, -1309309.6225795136, 5654817.8806241, 1.5833332317783559e+37], [-18912236.779917523, 7561974.710442033, 1960245.5749461956, -179192483598174.44, -305893.4223233945, 787374.855131063, 1.7903258785810817e+36], [654900329180176.8, -1281397800119914.0, -179192483598174.47, 1.7553844158620006e+23, 185714510616030.97, -771430396932691.0, -3.635780264479451e+45], [2957046.9997130386, -1309309.6225795136, -305893.4223233945, 185714510616030.97, 388061.2815816893, -818252.6267549085, -5.3097721029533786e+36], [-2893012.9677884667, 5654817.8806241, 787374.855131063, -771430396932690.9, -818252.6267549086, 3393692.4900117232, 1.5981654025688068e+37], [-1.778459540446208e+35, 1.5833332317783559e+37, 1.7903258785810822e+36, -3.635780264479452e+45, -5.309772102953379e+36, 1.5981654025688063e+37, 9.278949028213523e+67]]
sigma_dmb
from cov matrix =
8.113340482539329e-34
relative bulk velocity
30.0
