n-power=
-2
dm_mass=
0.0001
stepsize =
3e-35
fisher matrix =
[[334575.508397078, -93091.3484843993, 6716.857322845177, 10043504880910.682, -33146.24175880618, -113658.33044742532, 2.7775751823786763e+34], [-93091.3484843993, 36880.126594313326, -2298.5929317732102, -2899122570641.7554, 10869.702261225888, 21421.548667525785, -1.135941737459584e+34], [6716.857322845177, -2298.5929317732107, 1076.8240604870093, 651167780612.0796, -2965.884780412927, -3755.0378597785266, 1.4208986441097828e+33], [10043504880910.682, -2899122570641.7554, 651167780612.0796, 9.033281405086142e+20, -3754667593147.7153, -2983488874610.942, 1.4806689521750086e+42], [-33146.24175880618, 10869.702261225888, -2965.884780412927, -3754667593147.7153, 16664.90054540058, 9728.622717154847, -5.963251595845214e+33], [-113658.33044742531, 21421.54866752579, -3755.037859778526, -2983488874610.942, 9728.622717154847, 75008.55489457533, -6.788761007168175e+33], [2.777575182378676e+34, -1.1359417374595842e+34, 1.4208986441097828e+33, 1.4806689521750086e+42, -5.963251595845214e+33, -6.788761007168175e+33, 4.85421396873538e+63]]
sigma_dmb
from cov matrix =
4.4633166954320166e-32
relative bulk velocity
30.0
