n-power=
-2
dm_mass=
0.001
stepsize =
4e-34
fisher matrix =
[[334575.508397078, -93091.3484843993, 6716.857322845177, 10043504880910.682, -33146.24175880618, -113658.33044742532, 2.777504010323716e+34], [-93091.3484843993, 36880.126594313326, -2298.5929317732102, -2899122570641.7554, 10869.702261225888, 21421.548667525785, -1.133938441344805e+34], [6716.857322845177, -2298.5929317732107, 1076.8240604870093, 651167780612.0796, -2965.884780412927, -3755.0378597785266, 1.4160252965545255e+33], [10043504880910.682, -2899122570641.7554, 651167780612.0796, 9.033281405086142e+20, -3754667593147.7153, -2983488874610.942, 1.481024453108435e+42], [-33146.24175880618, 10869.702261225888, -2965.884780412927, -3754667593147.7153, 16664.90054540058, 9728.622717154847, -5.960500766232976e+33], [-113658.33044742531, 21421.54866752579, -3755.037859778526, -2983488874610.942, 9728.622717154847, 75008.55489457533, -6.781432751915362e+33], [2.777504010323716e+34, -1.133938441344805e+34, 1.4160252965545255e+33, 1.481024453108435e+42, -5.960500766232976e+33, -6.781432751915362e+33, 4.831772261394831e+63]]
sigma_dmb
from cov matrix =
4.493047779153926e-32
relative bulk velocity
30.0
