n-power=
-2
dm_mass=
0.001
stepsize =
4e-34
fisher matrix =
[[284377286.72229683, -61111739.97848561, -18903101.7183825, 659035207608472.6, 2920622.7412721864, -2985218.817921303, 8.552521038359727e+34], [-61111739.97848561, 33698251.599707045, 7554156.015874816, -1283699460265280.8, -1303214.3461170702, 5683680.867815896, 1.5818141034870675e+37], [-18903101.7183825, 7554156.015874814, 1960538.6689072843, -178138296989380.5, -308013.71297867515, 780914.9433835647, 1.791454781403886e+36], [659035207608472.5, -1283699460265280.5, -178138296989380.5, 1.765702646382906e+23, 181792419590992.0, -774356933770897.8, -3.6117492450928586e+45], [2920622.7412721864, -1303214.3461170702, -308013.7129786752, 181792419590992.03, 405041.79634023824, -808458.7752435027, -5.27301149316761e+36], [-2985218.817921303, 5683680.867815897, 780914.9433835647, -774356933770897.8, -808458.7752435027, 3468075.559675429, 1.5867373745756973e+37], [8.552521038359727e+34, 1.5818141034870672e+37, 1.7914547814038858e+36, -3.6117492450928586e+45, -5.27301149316761e+36, 1.586737374575697e+37, 9.150200883435619e+67]]
sigma_dmb
from cov matrix =
7.250323428919917e-34
2-sigma =
1.12752855032493e-33