n-power=
-2
dm_mass=
0.0001
stepsize =
3e-35
fisher matrix =
[[284377286.72229683, -61111739.97848561, -18903101.7183825, 659035207608472.6, 2920622.7412721864, -2985218.817921303, 1.210108540170562e+35], [-61111739.97848561, 33698251.599707045, 7554156.015874816, -1283699460265280.8, -1303214.3461170702, 5683680.867815896, 1.5762026934215518e+37], [-18903101.7183825, 7554156.015874814, 1960538.6689072843, -178138296989380.5, -308013.71297867515, 780914.9433835647, 1.7732195314680985e+36], [659035207608472.5, -1283699460265280.5, -178138296989380.5, 1.765702646382906e+23, 181792419590992.0, -774356933770897.8, -3.6218643039116164e+45], [2920622.7412721864, -1303214.3461170702, -308013.7129786752, 181792419590992.03, 405041.79634023824, -808458.7752435027, -5.295107695624868e+36], [-2985218.817921303, 5683680.867815897, 780914.9433835647, -774356933770897.8, -808458.7752435027, 3468075.559675429, 1.5911519726611934e+37], [1.210108540170562e+35, 1.5762026934215518e+37, 1.7732195314680988e+36, -3.6218643039116164e+45, -5.295107695624868e+36, 1.5911519726611934e+37, 9.220162622276779e+67]]
sigma_dmb
from cov matrix =
7.2154832779039665e-34
2-sigma =
1.1225357672946128e-33