n-power=
-2
dm_mass=
0.1
stepsize =
9.486832980505138e-35
fisher matrix =
[[334575.508397078, -93091.3484843993, 6716.857322845177, 10043504880910.682, -33146.24175880618, -113658.33044742532, 2.529175145515882e+34], [-93091.3484843993, 36880.126594313326, -2298.5929317732102, -2899122570641.7554, 10869.702261225888, 21421.548667525785, -1.0327438006438418e+34], [6716.857322845177, -2298.5929317732107, 1076.8240604870093, 651167780612.0796, -2965.884780412927, -3755.0378597785266, 1.2867797631625818e+33], [10043504880910.682, -2899122570641.7554, 651167780612.0796, 9.033281405086142e+20, -3754667593147.7153, -2983488874610.942, 1.3479154378314534e+42], [-33146.24175880618, 10869.702261225888, -2965.884780412927, -3754667593147.7153, 16664.90054540058, 9728.622717154847, -5.424495835340375e+33], [-113658.33044742531, 21421.54866752579, -3755.037859778526, -2983488874610.942, 9728.622717154847, 75008.55489457533, -6.172110658150354e+33], [2.529175145515882e+34, -1.0327438006438418e+34, 1.2867797631625817e+33, 1.3479154378314534e+42, -5.424495835340375e+33, -6.172110658150354e+33, 4.004204995916485e+63]]
sigma_dmb
from cov matrix =
4.934272012473438e-32
relative bulk velocity
30.0
