n-power=
-2
dm_mass=
0.1
stepsize =
9.486832980505138e-35
fisher matrix =
[[284377286.72229683, -61111739.97848561, -18903101.7183825, 659035207608472.6, 2920622.7412721864, -2985218.817921303, 1.523951400752144e+35], [-61111739.97848561, 33698251.599707045, 7554156.015874816, -1283699460265280.8, -1303214.3461170702, 5683680.867815896, 1.4261504195981563e+37], [-18903101.7183825, 7554156.015874814, 1960538.6689072843, -178138296989380.5, -308013.71297867515, 780914.9433835647, 1.6075785198744129e+36], [659035207608472.5, -1283699460265280.5, -178138296989380.5, 1.765702646382906e+23, 181792419590992.0, -774356933770897.8, -3.2713319246222064e+45], [2920622.7412721864, -1303214.3461170702, -308013.7129786752, 181792419590992.03, 405041.79634023824, -808458.7752435027, -4.778257523396738e+36], [-2985218.817921303, 5683680.867815897, 780914.9433835647, -774356933770897.8, -808458.7752435027, 3468075.559675429, 1.437160074820493e+37], [1.5239514007521913e+35, 1.426150419598156e+37, 1.6075785198744126e+36, -3.2713319246222064e+45, -4.778257523396739e+36, 1.437160074820493e+37, 7.513910561765502e+67]]
sigma_dmb
from cov matrix =
8.010410869990669e-34
2-sigma =
1.245866392617973e-33