n-power=
-2
dm_mass=
1.0
stepsize =
3e-34
fisher matrix =
[[283869463.56835717, -60997278.374325596, -18912236.779917523, 654900329180176.6, 2957046.9997130386, -2893012.967788466, -3.622765889344059e+34], [-60997278.374325596, 33585936.82840459, 7561974.710442033, -1281397800119914.0, -1309309.6225795136, 5654817.8806241, 7.679778456863891e+36], [-18912236.779917523, 7561974.710442033, 1960245.5749461956, -179192483598174.44, -305893.4223233945, 787374.855131063, 8.716792493661128e+35], [654900329180176.8, -1281397800119914.0, -179192483598174.47, 1.7553844158620006e+23, 185714510616030.97, -771430396932691.0, -1.756836882554476e+45], [2957046.9997130386, -1309309.6225795136, -305893.4223233945, 185714510616030.97, 388061.2815816893, -818252.6267549085, -2.5640757156358062e+36], [-2893012.9677884667, 5654817.8806241, 787374.855131063, -771430396932690.9, -818252.6267549086, 3393692.4900117232, 7.722468418388207e+36], [-3.6227658893438124e+34, 7.679778456863891e+36, 8.716792493661128e+35, -1.756836882554476e+45, -2.5640757156358062e+36, 7.722468418388205e+36, 2.165597832676165e+67]]
sigma_dmb
from cov matrix =
1.654441152792585e-33
relative bulk velocity
30.0
