n-power=
-2
dm_mass=
1.0
stepsize =
3e-34
fisher matrix =
[[334575.508397078, -93091.3484843993, 6716.857322845177, 10043504880910.682, -33146.24175880618, -113658.33044742532, 1.3491687276318617e+34], [-93091.3484843993, 36880.126594313326, -2298.5929317732102, -2899122570641.7554, 10869.702261225888, 21421.548667525785, -5.5130390746243e+33], [6716.857322845177, -2298.5929317732107, 1076.8240604870093, 651167780612.0796, -2965.884780412927, -3755.0378597785266, 6.883907275019631e+32], [10043504880910.682, -2899122570641.7554, 651167780612.0796, 9.033281405086142e+20, -3754667593147.7153, -2983488874610.942, 7.190993571604603e+41], [-33146.24175880618, 10869.702261225888, -2965.884780412927, -3754667593147.7153, 16664.90054540058, 9728.622717154847, -2.8950968478530135e+33], [-113658.33044742531, 21421.54866752579, -3755.037859778526, -2983488874610.942, 9728.622717154847, 75008.55489457533, -3.295391635094358e+33], [1.3491687276318617e+34, -5.513039074624301e+33, 6.883907275019631e+32, 7.190993571604604e+41, -2.8950968478530135e+33, -3.295391635094358e+33, 1.141945982486578e+63]]
sigma_dmb
from cov matrix =
9.23032746513021e-32
relative bulk velocity
30.0
