n-power=
-2
dm_mass=
100.0
stepsize =
3.794733192202055e-32
fisher matrix =
[[284377286.72229683, -61111739.97848561, -18903101.7183825, 659035207608472.6, 2920622.7412721864, -2985218.817921303, 1.252406841904182e+33], [-61111739.97848561, 33698251.599707045, 7554156.015874816, -1283699460265280.8, -1303214.3461170702, 5683680.867815896, 1.4673397722970762e+35], [-18903101.7183825, 7554156.015874814, 1960538.6689072843, -178138296989380.5, -308013.71297867515, 780914.9433835647, 1.6566812034561808e+34], [659035207608472.5, -1283699460265280.5, -178138296989380.5, 1.765702646382906e+23, 181792419590992.0, -774356933770897.8, -3.3625145536754805e+43], [2920622.7412721864, -1303214.3461170702, -308013.7129786752, 181792419590992.03, 405041.79634023824, -808458.7752435027, -4.912008773299227e+34], [-2985218.817921303, 5683680.867815897, 780914.9433835647, -774356933770897.8, -808458.7752435027, 3468075.559675429, 1.4772236472744697e+35], [1.2524068419041864e+33, 1.4673397722970762e+35, 1.6566812034561808e+34, -3.3625145536754805e+43, -4.912008773299227e+34, 1.4772236472744697e+35, 7.938528535013138e+63]]
sigma_dmb
from cov matrix =
7.78806587706186e-32
2-sigma =
1.2123939737412817e-31