n-power=
-2
dm_mass=
1000
stepsize =
9.486832980505137e-33
fisher matrix =
[[334575.508397078, -93091.3484843993, 6716.857322845177, 10043504880910.682, -33146.24175880618, -113658.33044742532, 2.5663859869688048e+31], [-93091.3484843993, 36880.126594313326, -2298.5929317732102, -2899122570641.7554, 10869.702261225888, 21421.548667525785, -1.0519877113908462e+31], [6716.857322845177, -2298.5929317732107, 1076.8240604870093, 651167780612.0796, -2965.884780412927, -3755.0378597785266, 1.320838144727333e+30], [10043504880910.682, -2899122570641.7554, 651167780612.0796, 9.033281405086142e+20, -3754667593147.7153, -2983488874610.942, 1.371026192289045e+39], [-33146.24175880618, 10869.702261225888, -2965.884780412927, -3754667593147.7153, 16664.90054540058, 9728.622717154847, -5.530234140164332e+30], [-113658.33044742531, 21421.54866752579, -3755.037859778526, -2983488874610.942, 9728.622717154847, 75008.55489457533, -6.295119478626464e+30], [2.5663859869688048e+31, -1.0519877113908462e+31, 1.320838144727333e+30, 1.371026192289045e+39, -5.530234140164332e+30, -6.295119478626464e+30, 4.184140581837465e+57]]
sigma_dmb
from cov matrix =
4.738692497498182e-29
relative bulk velocity
30.0
