n-power=
-2
dm_mass=
1000.0
stepsize =
9.486832980505137e-33
fisher matrix =
[[284377286.72229683, -61111739.97848561, -18903101.7183825, 659035207608472.6, 2920622.7412721864, -2985218.817921303, 2.8741368095241013e+32], [-61111739.97848561, 33698251.599707045, 7554156.015874816, -1283699460265280.8, -1303214.3461170702, 5683680.867815896, 1.4749808057158193e+34], [-18903101.7183825, 7554156.015874814, 1960538.6689072843, -178138296989380.5, -308013.71297867515, 780914.9433835647, 1.6542881835993723e+33], [659035207608472.5, -1283699460265280.5, -178138296989380.5, 1.765702646382906e+23, 181792419590992.0, -774356933770897.8, -3.3938938234102265e+42], [2920622.7412721864, -1303214.3461170702, -308013.7129786752, 181792419590992.03, 405041.79634023824, -808458.7752435027, -4.959816097612669e+33], [-2985218.817921303, 5683680.867815897, 780914.9433835647, -774356933770897.8, -808458.7752435027, 3468075.559675429, 1.4909964438708675e+34], [2.8741368095240898e+32, 1.474980805715819e+34, 1.6542881835993723e+33, -3.3938938234102265e+42, -4.959816097612669e+33, 1.4909964438708675e+34, 8.091994656013379e+61]]
sigma_dmb
from cov matrix =
7.789422082115625e-31
2-sigma =
1.211143240820515e-30