n-power=
-2
dm_mass=
1000
stepsize =
9.486832980505137e-33
fisher matrix =
[[283869463.56835717, -60997278.374325596, -18912236.779917523, 654900329180176.6, 2957046.9997130386, -2893012.967788466, 2.3291119735276065e+32], [-60997278.374325596, 33585936.82840459, 7561974.710442033, -1281397800119914.0, -1309309.6225795136, 5654817.8806241, 1.4758394504075665e+34], [-18912236.779917523, 7561974.710442033, 1960245.5749461956, -179192483598174.44, -305893.4223233945, 787374.855131063, 1.6530263784130964e+33], [654900329180176.8, -1281397800119914.0, -179192483598174.47, 1.7553844158620006e+23, 185714510616030.97, -771430396932691.0, -3.40311489186671e+42], [2957046.9997130386, -1309309.6225795136, -305893.4223233945, 185714510616030.97, 388061.2815816893, -818252.6267549085, -4.961647555737139e+33], [-2893012.9677884667, 5654817.8806241, 787374.855131063, -771430396932690.9, -818252.6267549086, 3393692.4900117232, 1.4958888097948826e+34], [2.3291119735276007e+32, 1.4758394504075663e+34, 1.653026378413096e+33, -3.40311489186671e+42, -4.9616475557371393e+33, 1.495888809794883e+34, 8.128058407680353e+61]]
sigma_dmb
from cov matrix =
8.535303175603502e-31
relative bulk velocity
30.0
