n-power=
-2
dm_mass=
100
stepsize =
3.794733192202055e-32
fisher matrix =
[[283869463.56835717, -60997278.374325596, -18912236.779917523, 654900329180176.6, 2957046.9997130386, -2893012.967788466, -5.974229435301845e+32], [-60997278.374325596, 33585936.82840459, 7561974.710442033, -1281397800119914.0, -1309309.6225795136, 5654817.8806241, 1.4697343428097579e+35], [-18912236.779917523, 7561974.710442033, 1960245.5749461956, -179192483598174.44, -305893.4223233945, 787374.855131063, 1.6666410246386692e+34], [654900329180176.8, -1281397800119914.0, -179192483598174.47, 1.7553844158620006e+23, 185714510616030.97, -771430396932691.0, -3.3636083855524896e+43], [2957046.9997130386, -1309309.6225795136, -305893.4223233945, 185714510616030.97, 388061.2815816893, -818252.6267549085, -4.907654153538974e+34], [-2893012.9677884667, 5654817.8806241, 787374.855131063, -771430396932690.9, -818252.6267549086, 3393692.4900117232, 1.4785276744808357e+35], [-5.974229435301842e+32, 1.4697343428097579e+35, 1.6666410246386692e+34, -3.3636083855524896e+43, -4.907654153538974e+34, 1.4785276744808357e+35, 7.936586790559983e+63]]
sigma_dmb
from cov matrix =
8.637468731364524e-32
relative bulk velocity
30.0
