n-power=
-2
dm_mass=
100
stepsize =
3.794733192202055e-32
fisher matrix =
[[334575.508397078, -93091.3484843993, 6716.857322845177, 10043504880910.682, -33146.24175880618, -113658.33044742532, 2.5867878154633477e+32], [-93091.3484843993, 36880.126594313326, -2298.5929317732102, -2899122570641.7554, 10869.702261225888, 21421.548667525785, -1.0570751019292448e+32], [6716.857322845177, -2298.5929317732107, 1076.8240604870093, 651167780612.0796, -2965.884780412927, -3755.0378597785266, 1.3202330479394741e+31], [10043504880910.682, -2899122570641.7554, 651167780612.0796, 9.033281405086142e+20, -3754667593147.7153, -2983488874610.942, 1.378610585569439e+40], [-33146.24175880618, 10869.702261225888, -2965.884780412927, -3754667593147.7153, 16664.90054540058, 9728.622717154847, -5.550022177178748e+31], [-113658.33044742531, 21421.54866752579, -3755.037859778526, -2983488874610.942, 9728.622717154847, 75008.55489457533, -6.3165442851430345e+31], [2.5867878154633477e+32, -1.0570751019292448e+32, 1.3202330479394741e+31, 1.378610585569439e+40, -5.550022177178748e+31, -6.3165442851430345e+31, 4.199149635314686e+59]]
sigma_dmb
from cov matrix =
4.810785406877846e-30
relative bulk velocity
30.0
