n-power=
-2
dm_mass=
10
stepsize =
2e-33
fisher matrix =
[[284377286.72229683, -61111739.97848561, -18903101.7183825, 659035207608472.6, 2920622.7412721864, -2985218.817921303, 1.50499392035097e+34], [-61111739.97848561, 33698251.599707045, 7554156.015874816, -1283699460265280.8, -1303214.3461170702, 5683680.867815896, 1.3557606003873458e+36], [-18903101.7183825, 7554156.015874814, 1960538.6689072843, -178138296989380.5, -308013.71297867515, 780914.9433835647, 1.5293993247525507e+35], [659035207608472.5, -1283699460265280.5, -178138296989380.5, 1.765702646382906e+23, 181792419590992.0, -774356933770897.8, -3.107074645698692e+44], [2920622.7412721864, -1303214.3461170702, -308013.7129786752, 181792419590992.03, 405041.79634023824, -808458.7752435027, -4.537490888333644e+35], [-2985218.817921303, 5683680.867815897, 780914.9433835647, -774356933770897.8, -808458.7752435027, 3468075.559675429, 1.3649993700936785e+36], [1.5049939203508225e+34, 1.3557606003873458e+36, 1.5293993247525509e+35, -3.107074645698692e+44, -4.537490888333645e+35, 1.3649993700936785e+36, 6.776806870152061e+65]]
sigma_dmb
from cov matrix =
8.426707553638168e-33
2-sigma =
1.3112140871490742e-32