n-power=
-2
dm_mass=
10
stepsize =
2e-33
fisher matrix =
[[334575.508397078, -93091.3484843993, 6716.857322845177, 10043504880910.682, -33146.24175880618, -113658.33044742532, 2.389591783228725e+33], [-93091.3484843993, 36880.126594313326, -2298.5929317732102, -2899122570641.7554, 10869.702261225888, 21421.548667525785, -9.766612308223971e+32], [6716.857322845177, -2298.5929317732107, 1076.8240604870093, 651167780612.0796, -2965.884780412927, -3755.0378597785266, 1.2196142806202187e+32], [10043504880910.682, -2899122570641.7554, 651167780612.0796, 9.033281405086142e+20, -3754667593147.7153, -2983488874610.942, 1.2735859676741938e+41], [-33146.24175880618, 10869.702261225888, -2965.884780412927, -3754667593147.7153, 16664.90054540058, 9728.622717154847, -5.127710238219227e+32], [-113658.33044742531, 21421.54866752579, -3755.037859778526, -2983488874610.942, 9728.622717154847, 75008.55489457533, -5.835533629586468e+32], [2.389591783228725e+33, -9.766612308223971e+32, 1.2196142806202188e+32, 1.2735859676741938e+41, -5.127710238219227e+32, -5.835533629586468e+32, 3.584586623822013e+61]]
sigma_dmb
from cov matrix =
5.204979543556826e-31
relative bulk velocity
30.0
