n-power=
-2
dm_mass=
10
stepsize =
2e-33
fisher matrix =
[[283869463.56835717, -60997278.374325596, -18912236.779917523, 654900329180176.6, 2957046.9997130386, -2893012.967788466, 5.307394103413492e+33], [-60997278.374325596, 33585936.82840459, 7561974.710442033, -1281397800119914.0, -1309309.6225795136, 5654817.8806241, 1.3559951016679797e+36], [-18912236.779917523, 7561974.710442033, 1960245.5749461956, -179192483598174.44, -305893.4223233945, 787374.855131063, 1.5340061149230327e+35], [654900329180176.8, -1281397800119914.0, -179192483598174.47, 1.7553844158620006e+23, 185714510616030.97, -771430396932691.0, -3.1074627664140827e+44], [2957046.9997130386, -1309309.6225795136, -305893.4223233945, 185714510616030.97, 388061.2815816893, -818252.6267549085, -4.534299549497033e+35], [-2893012.9677884667, 5654817.8806241, 787374.855131063, -771430396932690.9, -818252.6267549086, 3393692.4900117232, 1.3659321309405964e+36], [5.307394103412311e+33, 1.3559951016679794e+36, 1.534006114923033e+35, -3.1074627664140823e+44, -4.534299549497033e+35, 1.3659321309405964e+36, 6.776816077790247e+65]]
sigma_dmb
from cov matrix =
9.329283259601778e-33
relative bulk velocity
30.0
