n-power=
-2
dm_mass=
1e-06
stepsize =
2e-35
fisher matrix =
[[284204039.0767543, -61090369.72280999, -18905519.922594678, 664943834061087.5, 2923900.7579542357, -3006671.29823589, 2.9315177831789482e+35], [-61090369.72280999, 33622816.95499895, 7559676.117510259, -1284296922690555.5, -1298439.9203182878, 5676239.4292916255, 1.567968379500258e+37], [-18905519.922594678, 7559676.117510259, 1961322.399006683, -178541315817562.38, -308859.3071038075, 783619.8172712845, 1.7536437334470522e+36], [664943834061087.6, -1284296922690555.5, -178541315817562.38, 1.7644176972670874e+23, 181959843022883.28, -774413885807301.8, -3.634493453594804e+45], [2923900.757954236, -1298439.9203182878, -308859.3071038075, 181959843022883.28, 404726.18212709005, -808524.0040377536, -5.317663349654892e+36], [-3006671.29823589, 5676239.4292916255, 783619.8172712845, -774413885807301.9, -808524.0040377537, 3468701.0449062972, 1.5975729115818075e+37], [2.9315177831788538e+35, 1.567968379500258e+37, 1.7536437334470524e+36, -3.634493453594804e+45, -5.317663349654892e+36, 1.5975729115818075e+37, 9.298106004199876e+67]]
sigma_dmb
from cov matrix =
7.272611685600959e-34
2-sigma =
1.1316931025038113e-33