n-power=
-2
dm_mass=
1e-05
stepsize =
3.035786553761644e-35
fisher matrix =
[[284305362.34122974, -61011380.79661474, -18909870.63770958, 663310422725675.9, 2918834.7763865334, -2985232.5376811167, 1.8531125782719565e+35], [-61011380.79661473, 33544652.913486823, 7564943.644878147, -1290696407249238.0, -1297922.3108012574, 5683703.67362347, 1.591414943186189e+37], [-18909870.63770958, 7564943.644878147, 1959768.6381527386, -177633700833382.7, -308460.13796005264, 780913.2891246994, 1.7599117983411082e+36], [663310422725676.0, -1290696407249238.0, -177633700833382.66, 1.762373734403774e+23, 182114320142771.88, -774355838333228.1, -3.618073242180212e+45], [2918834.776386533, -1297922.3108012574, -308460.13796005264, 182114320142771.88, 404393.97181107197, -808459.8843466316, -5.295244037546919e+36], [-2985232.537681117, 5683703.67362347, 780913.2891246995, -774355838333228.1, -808459.8843466315, 3468075.5560632213, 1.5921499770277964e+37], [1.853112578271933e+35, 1.591414943186189e+37, 1.7599117983411073e+36, -3.618073242180212e+45, -5.29524403754692e+36, 1.5921499770277964e+37, 9.206059058507662e+67]]
sigma_dmb
from cov matrix =
7.2886998602417306e-34
2-sigma =
1.1329607967966157e-33