n-power=
-2
dm_mass=
1
stepsize =
3e-34
fisher matrix =
[[284305362.34122974, -61011380.79661474, -18909870.63770958, 663310422725675.9, 2918834.7763865334, -2985232.5376811167, -7.091779315015064e+33], [-61011380.79661473, 33544652.913486823, 7564943.644878147, -1290696407249238.0, -1297922.3108012574, 5683703.67362347, 7.739619512225979e+36], [-18909870.63770958, 7564943.644878147, 1959768.6381527386, -177633700833382.7, -308460.13796005264, 780913.2891246994, 8.616408852103969e+35], [663310422725676.0, -1290696407249238.0, -177633700833382.66, 1.762373734403774e+23, 182114320142771.88, -774355838333228.1, -1.7529300603786833e+45], [2918834.776386533, -1297922.3108012574, -308460.13796005264, 182114320142771.88, 404393.97181107197, -808459.8843466316, -2.5651054532570382e+36], [-2985232.537681117, 5683703.67362347, 780913.2891246995, -774355838333228.1, -808459.8843466315, 3468075.5560632213, 7.713852485817639e+36], [-7.091779315015287e+33, 7.739619512225979e+36, 8.616408852103969e+35, -1.7529300603786833e+45, -2.5651054532570382e+36, 7.713852485817639e+36, 2.1594457334336788e+67]]
sigma_dmb
from cov matrix =
1.5027682431650767e-33
2-sigma =
2.3386830439738187e-33