n-power=
-4
dm_mass=
0.0001
stepsize =
3e-43
fisher matrix =
[[334575.508397078, -93091.3484843993, 6716.857322845177, 10043504880910.682, -33146.24175880618, -113658.33044742532, 3.41755786674685e+42], [-93091.3484843993, 36880.126594313326, -2298.5929317732102, -2899122570641.7554, 10869.702261225888, 21421.548667525785, -1.3565477320929192e+42], [6716.857322845177, -2298.5929317732107, 1076.8240604870093, 651167780612.0796, -2965.884780412927, -3755.0378597785266, 1.7595764889569677e+41], [10043504880910.682, -2899122570641.7554, 651167780612.0796, 9.033281405086142e+20, -3754667593147.7153, -2983488874610.942, 1.8822236190855874e+50], [-33146.24175880618, 10869.702261225888, -2965.884780412927, -3754667593147.7153, 16664.90054540058, 9728.622717154847, -7.549669103907428e+41], [-113658.33044742531, 21421.54866752579, -3755.037859778526, -2983488874610.942, 9728.622717154847, 75008.55489457533, -8.498970314809948e+41], [3.41755786674685e+42, -1.3565477320929193e+42, 1.7595764889569677e+41, 1.8822236190855874e+50, -7.549669103907428e+41, -8.498970314809946e+41, 7.080476564728777e+79]]
sigma_dmb
from cov matrix =
3.9006444741061256e-40
relative bulk velocity
30.0
