n-power=
-4
dm_mass=
0.01
stepsize =
1.6e-42
fisher matrix =
[[334575.508397078, -93091.3484843993, 6716.857322845177, 10043504880910.682, -33146.24175880618, -113658.33044742532, 3.3781762433045425e+42], [-93091.3484843993, 36880.126594313326, -2298.5929317732102, -2899122570641.7554, 10869.702261225888, 21421.548667525785, -1.3406032213820515e+42], [6716.857322845177, -2298.5929317732107, 1076.8240604870093, 651167780612.0796, -2965.884780412927, -3755.0378597785266, 1.738903344060156e+41], [10043504880910.682, -2899122570641.7554, 651167780612.0796, 9.033281405086142e+20, -3754667593147.7153, -2983488874610.942, 1.8604769807662868e+50], [-33146.24175880618, 10869.702261225888, -2965.884780412927, -3754667593147.7153, 16664.90054540058, 9728.622717154847, -7.461059791004968e+41], [-113658.33044742531, 21421.54866752579, -3755.037859778526, -2983488874610.942, 9728.622717154847, 75008.55489457533, -8.396256592876644e+41], [3.378176243304543e+42, -1.3406032213820515e+42, 1.7389033440601561e+41, 1.8604769807662868e+50, -7.461059791004968e+41, -8.396256592876644e+41, 6.914148620522227e+79]]
sigma_dmb
from cov matrix =
3.952876359925338e-40
relative bulk velocity
30.0
