n-power=
-4
dm_mass=
0.1
stepsize =
5e-43
fisher matrix =
[[334575.508397078, -93091.3484843993, 6716.857322845177, 10043504880910.682, -33146.24175880618, -113658.33044742532, 3.071330276813317e+42], [-93091.3484843993, 36880.126594313326, -2298.5929317732102, -2899122570641.7554, 10869.702261225888, 21421.548667525785, -1.220182634111034e+42], [6716.857322845177, -2298.5929317732107, 1076.8240604870093, 651167780612.0796, -2965.884780412927, -3755.0378597785266, 1.5866882104971999e+41], [10043504880910.682, -2899122570641.7554, 651167780612.0796, 9.033281405086142e+20, -3754667593147.7153, -2983488874610.942, 1.692550060733702e+50], [-33146.24175880618, 10869.702261225888, -2965.884780412927, -3754667593147.7153, 16664.90054540058, 9728.622717154847, -6.792749636944349e+41], [-113658.33044742531, 21421.54866752579, -3755.037859778526, -2983488874610.942, 9728.622717154847, 75008.55489457533, -7.645137607214873e+41], [3.071330276813317e+42, -1.220182634111034e+42, 1.5866882104971999e+41, 1.692550060733702e+50, -6.792749636944349e+41, -7.645137607214873e+41, 5.73436393306661e+79]]
sigma_dmb
from cov matrix =
4.327560831295029e-40
relative bulk velocity
30.0
