n-power=
-4
dm_mass=
1000
stepsize =
1e-39
fisher matrix =
[[284362037.19206256, -61086726.054757796, -18904912.304765932, 660235237313579.9, 2919382.78371493, -2985222.7749991296, 2.037249315589005e+41], [-61086726.054757796, 33651904.87117702, 7557647.303901125, -1286064393972441.8, -1300159.4582788798, 5683688.761948171, 2.1280211633167893e+42], [-18904912.304765932, 7557647.303901124, 1960272.553235516, -177956917578802.22, -308261.1829881083, 780914.3358875404, 2.5196239067109818e+41], [660235237313579.5, -1286064393972442.0, -177956917578802.22, 1.7644623170536467e+23, 181966362220375.66, -774356517599389.9, -4.301846587910803e+50], [2919382.7837149296, -1300159.4582788798, -308261.1829881083, 181966362220375.7, 404742.9463836094, -808459.3674487228, -6.032642807393181e+41], [-2985222.7749991287, 5683688.761948171, 780914.3358875402, -774356517599389.9, -808459.3674487228, 3468075.5582776787, 1.8912061209631403e+42], [2.0372493155889983e+41, 2.1280211633167886e+42, 2.5196239067109818e+41, -4.301846587910804e+50, -6.032642807393181e+41, 1.8912061209631403e+42, 1.2464022928167895e+78]]
sigma_dmb
from cov matrix =
5.8575066219176535e-39
2-sigma =
9.113168310814872e-39