n-power=
-4
dm_mass=
1000
stepsize =
1e-39
fisher matrix =
[[334575.508397078, -93091.3484843993, 6716.857322845177, 10043504880910.682, -33146.24175880618, -113658.33044742532, 3.2108607625161984e+39], [-93091.3484843993, 36880.126594313326, -2298.5929317732102, -2899122570641.7554, 10869.702261225888, 21421.548667525785, -1.2741653457447385e+39], [6716.857322845177, -2298.5929317732107, 1076.8240604870093, 651167780612.0796, -2965.884780412927, -3755.0378597785266, 1.6510202600579964e+38], [10043504880910.682, -2899122570641.7554, 651167780612.0796, 9.033281405086142e+20, -3754667593147.7153, -2983488874610.942, 1.7685742865685963e+47], [-33146.24175880618, 10869.702261225888, -2965.884780412927, -3754667593147.7153, 16664.90054540058, 9728.622717154847, -7.092980666695334e+38], [-113658.33044742531, 21421.54866752579, -3755.037859778526, -2983488874610.942, 9728.622717154847, 75008.55489457533, -7.980850851249914e+38], [3.2108607625161984e+39, -1.2741653457447384e+39, 1.6510202600579962e+38, 1.768574286568596e+47, -7.092980666695334e+38, -7.980850851249914e+38, 6.243458645811293e+73]]
sigma_dmb
from cov matrix =
4.160499742855751e-37
relative bulk velocity
30.0
