n-power=
-4
dm_mass=
100
stepsize =
1e-40
fisher matrix =
[[284362037.19206256, -61086726.054757796, -18904912.304765932, 660235237313579.9, 2919382.78371493, -2985222.7749991296, 2.0028489455650518e+42], [-61086726.054757796, 33651904.87117702, 7557647.303901125, -1286064393972441.8, -1300159.4582788798, 5683688.761948171, 2.1109946221369444e+43], [-18904912.304765932, 7557647.303901124, 1960272.553235516, -177956917578802.22, -308261.1829881083, 780914.3358875404, 2.5002719110381627e+42], [660235237313579.5, -1286064393972442.0, -177956917578802.22, 1.7644623170536467e+23, 181966362220375.66, -774356517599389.9, -4.2664318237780024e+51], [2919382.7837149296, -1300159.4582788798, -308261.1829881083, 181966362220375.7, 404742.9463836094, -808459.3674487228, -5.983086438005401e+42], [-2985222.7749991287, 5683688.761948171, 780914.3358875402, -774356517599389.9, -808459.3674487228, 3468075.5582776787, 1.8756371409153261e+43], [2.0028489455650512e+42, 2.1109946221369444e+43, 2.5002719110381627e+42, -4.266431823778003e+51, -5.983086438005401e+42, 1.8756371409153261e+43, 1.2259456074362213e+80]]
sigma_dmb
from cov matrix =
5.90463820908448e-40
2-sigma =
9.19317288869657e-40