n-power=
-4
dm_mass=
10
stepsize =
8e-42
fisher matrix =
[[284362037.19206256, -61086726.054757796, -18904912.304765932, 660235237313579.9, 2919382.78371493, -2985222.7749991296, 1.7871620758838752e+43], [-61086726.054757796, 33651904.87117702, 7557647.303901125, -1286064393972441.8, -1300159.4582788798, 5683688.761948171, 1.951367786093326e+44], [-18904912.304765932, 7557647.303901124, 1960272.553235516, -177956917578802.22, -308261.1829881083, 780914.3358875404, 2.3132739961640645e+43], [660235237313579.5, -1286064393972442.0, -177956917578802.22, 1.7644623170536467e+23, 181966362220375.66, -774356517599389.9, -3.9419482089594946e+52], [2919382.7837149296, -1300159.4582788798, -308261.1829881083, 181966362220375.7, 404742.9463836094, -808459.3674487228, -5.528224562705286e+43], [-2985222.7749991287, 5683688.761948171, 780914.3358875402, -774356517599389.9, -808459.3674487228, 3468075.5582776787, 1.7329869123085739e+44], [1.7871620758838755e+43, 1.951367786093326e+44, 2.3132739961640645e+43, -3.9419482089594946e+52, -5.528224562705286e+43, 1.7329869123085739e+44, 1.0464094480549117e+82]]
sigma_dmb
from cov matrix =
6.395496670110561e-41
2-sigma =
9.947804370807454e-41