n-power=
-4
dm_mass=
10
stepsize =
8e-42
fisher matrix =
[[283869463.56835717, -60997278.374325596, -18912236.779917523, 654900329180176.6, 2957046.9997130386, -2893012.967788466, 1.532963273550771e+43], [-60997278.374325596, 33585936.82840459, 7561974.710442033, -1281397800119914.0, -1309309.6225795136, 5654817.8806241, 1.950663410320956e+44], [-18912236.779917523, 7561974.710442033, 1960245.5749461956, -179192483598174.44, -305893.4223233945, 787374.855131063, 2.3301035630932147e+43], [654900329180176.8, -1281397800119914.0, -179192483598174.47, 1.7553844158620006e+23, 185714510616030.97, -771430396932691.0, -3.94403635124289e+52], [2957046.9997130386, -1309309.6225795136, -305893.4223233945, 185714510616030.97, 388061.2815816893, -818252.6267549085, -5.523937327364767e+43], [-2893012.9677884667, 5654817.8806241, 787374.855131063, -771430396932690.9, -818252.6267549086, 3393692.4900117232, 1.7341166882520173e+44], [1.5329632735507665e+43, 1.950663410320956e+44, 2.330103563093215e+43, -3.94403635124289e+52, -5.523937327364766e+43, 1.7341166882520173e+44, 1.0465295943960718e+82]]
sigma_dmb
from cov matrix =
6.812662734291283e-41
relative bulk velocity
30.0
