n-power=
-4
dm_mass=
10
stepsize =
8e-42
fisher matrix =
[[334575.508397078, -93091.3484843993, 6716.857322845177, 10043504880910.682, -33146.24175880618, -113658.33044742532, 2.950742942207385e+41], [-93091.3484843993, 36880.126594313326, -2298.5929317732102, -2899122570641.7554, 10869.702261225888, 21421.548667525785, -1.1699934081623677e+41], [6716.857322845177, -2298.5929317732107, 1076.8240604870093, 651167780612.0796, -2965.884780412927, -3755.0378597785266, 1.5130623938276781e+40], [10043504880910.682, -2899122570641.7554, 651167780612.0796, 9.033281405086142e+20, -3754667593147.7153, -2983488874610.942, 1.6242825106125873e+49], [-33146.24175880618, 10869.702261225888, -2965.884780412927, -3754667593147.7153, 16664.90054540058, 9728.622717154847, -6.511427638196956e+40], [-113658.33044742531, 21421.54866752579, -3755.037859778526, -2983488874610.942, 9728.622717154847, 75008.55489457533, -7.331768925471448e+40], [2.950742942207385e+41, -1.1699934081623679e+41, 1.5130623938276781e+40, 1.6242825106125873e+49, -6.511427638196955e+40, -7.331768925471448e+40, 5.259397712695212e+77]]
sigma_dmb
from cov matrix =
4.539528542122439e-39
relative bulk velocity
30.0
