n-power=
-4
dm_mass=
1e-06
stepsize =
1e-43
fisher matrix =
[[283869463.56835717, -60997278.374325596, -18912236.779917523, 654900329180176.6, 2957046.9997130386, -2893012.967788466, 2.264328086910739e+44], [-60997278.374325596, 33585936.82840459, 7561974.710442033, -1281397800119914.0, -1309309.6225795136, 5654817.8806241, 2.2581530169332977e+45], [-18912236.779917523, 7561974.710442033, 1960245.5749461956, -179192483598174.44, -305893.4223233945, 787374.855131063, 2.6749249505801763e+44], [654900329180176.8, -1281397800119914.0, -179192483598174.47, 1.7553844158620006e+23, 185714510616030.97, -771430396932691.0, -4.596337718426173e+53], [2957046.9997130386, -1309309.6225795136, -305893.4223233945, 185714510616030.97, 388061.2815816893, -818252.6267549085, -6.437087047663554e+44], [-2893012.9677884667, 5654817.8806241, 787374.855131063, -771430396932690.9, -818252.6267549086, 3393692.4900117232, 2.020921598913523e+45], [2.2643280869107264e+44, 2.2581530169332977e+45, 2.6749249505801755e+44, -4.596337718426173e+53, -6.437087047663554e+44, 2.020921598913523e+45, 1.4238982906080574e+84]]
sigma_dmb
from cov matrix =
5.740678769266572e-42
relative bulk velocity
30.0
