n-power=
-4
dm_mass=
1e-06
stepsize =
1e-43
fisher matrix =
[[284204039.0767543, -61090369.72280999, -18905519.922594678, 664943834061087.5, 2923900.7579542357, -3006671.29823589, 2.298049299195888e+44], [-61090369.72280999, 33622816.95499895, 7559676.117510259, -1284296922690555.5, -1298439.9203182878, 5676239.4292916255, 2.25681135310789e+45], [-18905519.922594678, 7559676.117510259, 1961322.399006683, -178541315817562.38, -308859.3071038075, 783619.8172712845, 2.6766733295048255e+44], [664943834061087.6, -1284296922690555.5, -178541315817562.38, 1.7644176972670874e+23, 181959843022883.28, -774413885807301.8, -4.5944739948841e+53], [2923900.757954236, -1298439.9203182878, -308859.3071038075, 181959843022883.28, 404726.18212709005, -808524.0040377536, -6.444574261764151e+44], [-3006671.29823589, 5676239.4292916255, 783619.8172712845, -774413885807301.9, -808524.0040377537, 3468701.0449062972, 2.0200812792944948e+45], [2.2980492991958753e+44, 2.25681135310789e+45, 2.6766733295048247e+44, -4.5944739948841e+53, -6.444574261764151e+44, 2.0200812792944948e+45, 1.4239678041434007e+84]]
sigma_dmb
from cov matrix =
5.409579641147021e-42
2-sigma =
8.414547459456087e-42