n-power=
-4
dm_mass=
1
stepsize =
8e-43
fisher matrix =
[[284362037.19206256, -61086726.054757796, -18904912.304765932, 660235237313579.9, 2919382.78371493, -2985222.7749991296, 1.0873314106131076e+44], [-61086726.054757796, 33651904.87117702, 7557647.303901125, -1286064393972441.8, -1300159.4582788798, 5683688.761948171, 1.0963398547164975e+45], [-18904912.304765932, 7557647.303901124, 1960272.553235516, -177956917578802.22, -308261.1829881083, 780914.3358875404, 1.2961094879972768e+44], [660235237313579.5, -1286064393972442.0, -177956917578802.22, 1.7644623170536467e+23, 181966362220375.66, -774356517599389.9, -2.217808691150823e+53], [2919382.7837149296, -1300159.4582788798, -308261.1829881083, 181966362220375.7, 404742.9463836094, -808459.3674487228, -3.1079871500874896e+44], [-2985222.7749991287, 5683688.761948171, 780914.3358875402, -774356517599389.9, -808459.3674487228, 3468075.5582776787, 9.750058393384464e+44], [1.0873314106131076e+44, 1.0963398547164975e+45, 1.296109487997277e+44, -2.217808691150823e+53, -3.1079871500874896e+44, 9.750058393384464e+44, 3.3121714255513985e+83]]
sigma_dmb
from cov matrix =
1.131369115151525e-41
2-sigma =
