n-power=
-4
dm_mass=
1
stepsize =
8e-43
fisher matrix =
[[334575.508397078, -93091.3484843993, 6716.857322845177, 10043504880910.682, -33146.24175880618, -113658.33044742532, 1.6556086506060082e+42], [-93091.3484843993, 36880.126594313326, -2298.5929317732102, -2899122570641.7554, 10869.702261225888, 21421.548667525785, -6.570576083832078e+41], [6716.857322845177, -2298.5929317732107, 1076.8240604870093, 651167780612.0796, -2965.884780412927, -3755.0378597785266, 8.521772224333581e+40], [10043504880910.682, -2899122570641.7554, 651167780612.0796, 9.033281405086142e+20, -3754667593147.7153, -2983488874610.942, 9.118871303709887e+49], [-33146.24175880618, 10869.702261225888, -2965.884780412927, -3754667593147.7153, 16664.90054540058, 9728.622717154847, -3.657598722352716e+41], [-113658.33044742531, 21421.54866752579, -3755.037859778526, -2983488874610.942, 9728.622717154847, 75008.55489457533, -4.117616594504116e+41], [1.655608650606008e+42, -6.570576083832077e+41, 8.521772224333581e+40, 9.118871303709887e+49, -3.657598722352716e+41, -4.117616594504116e+41, 1.660882953730596e+79]]
sigma_dmb
from cov matrix =
8.059276252503187e-40
relative bulk velocity
30.0
