n-power=
-4
dm_mass=
1
stepsize =
8e-43
fisher matrix =
[[283869463.56835717, -60997278.374325596, -18912236.779917523, 654900329180176.6, 2957046.9997130386, -2893012.967788466, 9.957460200027337e+43], [-60997278.374325596, 33585936.82840459, 7561974.710442033, -1281397800119914.0, -1309309.6225795136, 5654817.8806241, 1.0926801481734326e+45], [-18912236.779917523, 7561974.710442033, 1960245.5749461956, -179192483598174.44, -305893.4223233945, 787374.855131063, 1.2977121820432563e+44], [654900329180176.8, -1281397800119914.0, -179192483598174.47, 1.7553844158620006e+23, 185714510616030.97, -771430396932691.0, -2.2188349612224476e+53], [2957046.9997130386, -1309309.6225795136, -305893.4223233945, 185714510616030.97, 388061.2815816893, -818252.6267549085, -3.103884022787891e+44], [-2893012.9677884667, 5654817.8806241, 787374.855131063, -771430396932690.9, -818252.6267549086, 3393692.4900117232, 9.755753826706106e+44], [9.957460200027363e+43, 1.0926801481734326e+45, 1.2977121820432567e+44, -2.2188349612224476e+53, -3.103884022787891e+44, 9.755753826706106e+44, 3.3117079458560164e+83]]
sigma_dmb
from cov matrix =
1.2046494853864683e-41
relative bulk velocity
30.0
