n-power=
-4
dm_mass=
0.0001
stepsize =
3e-43
fisher matrix =
[[256435893581.12686, -29776046383.02648, -7419659687.458143, 8.808901786089398e+17, 3427601134.139993, -4228315504.6077895, -2.681259735402153e+48], [-29776046383.026478, 8336506467.93758, 1028124901.3589946, 4043700566583479.0, 103003744.05470017, 419134005.55432063, -8.860879425699797e+47], [-7419659687.458142, 1028124901.3589945, 357984694.2885425, -3.212505776823924e+16, -128414122.21582194, 116732473.65778747, 1.6358371752896338e+47], [8.808901786089398e+17, 4043700566583473.0, -3.212505776823924e+16, 7.747932644628702e+24, 2.952788095956414e+16, -2.2729754413791104e+16, -5.031886473343602e+55], [3427601134.139993, 103003744.05470017, -128414122.21582194, 2.952788095956414e+16, 122740777.63268231, -77727013.48449327, -2.1607633681476e+47], [-4228315504.6077895, 419134005.55432063, 116732473.65778747, -2.2729754413791104e+16, -77727013.48449329, 100292993.05216442, 8.29933498457916e+46], [-2.681259735402153e+48, -8.860879425699797e+47, 1.6358371752896338e+47, -5.031886473343601e+55, -2.1607633681476004e+47, 8.29933498457916e+46, 4.6328728097409573e+86]]
sigma_dmb
from cov matrix =
6.630424186176017e-43
2-sigma =
1.6443451981716523e-42
2-sigma zack's method =
1.0316941820350335e-42