n-power=
-4
dm_mass=
0.01
stepsize =
1.6e-42
fisher matrix =
[[256435893581.12686, -29776046383.02648, -7419659687.458143, 8.808901786089398e+17, 3427601134.139993, -4228315504.6077895, -2.6438539483842347e+48], [-29776046383.026478, 8336506467.93758, 1028124901.3589946, 4043700566583479.0, 103003744.05470017, 419134005.55432063, -8.694725636889513e+47], [-7419659687.458142, 1028124901.3589945, 357984694.2885425, -3.212505776823924e+16, -128414122.21582194, 116732473.65778747, 1.6095173490039776e+47], [8.808901786089398e+17, 4043700566583473.0, -3.212505776823924e+16, 7.747932644628702e+24, 2.952788095956414e+16, -2.2729754413791104e+16, -4.951361110680998e+55], [3427601134.139993, 103003744.05470017, -128414122.21582194, 2.952788095956414e+16, 122740777.63268231, -77727013.48449327, -2.125054422460826e+47], [-4228315504.6077895, 419134005.55432063, 116732473.65778747, -2.2729754413791104e+16, -77727013.48449329, 100292993.05216442, 8.189402390081546e+46], [-2.6438539483842347e+48, -8.694725636889511e+47, 1.6095173490039776e+47, -4.951361110680998e+55, -2.125054422460826e+47, 8.189402390081546e+46, 4.4758460799493156e+86]]
sigma_dmb
from cov matrix =
6.839605743027538e-43
2-sigma =
1.6962222242708293e-42
2-sigma zack's method =
1.064249577230724e-42