n-power=
-4
dm_mass=
100
stepsize =
1e-40
fisher matrix =
[[256435893581.12686, -29776046383.02648, -7419659687.458143, 8.808901786089398e+17, 3427601134.139993, -4228315504.6077895, -2.4870447650408267e+46], [-29776046383.026478, 8336506467.93758, 1028124901.3589946, 4043700566583479.0, 103003744.05470017, 419134005.55432063, -8.233895626327299e+45], [-7419659687.458142, 1028124901.3589945, 357984694.2885425, -3.212505776823924e+16, -128414122.21582194, 116732473.65778747, 1.519140697744521e+45], [8.808901786089398e+17, 4043700566583473.0, -3.212505776823924e+16, 7.747932644628702e+24, 2.952788095956414e+16, -2.2729754413791104e+16, -4.675994034597944e+53], [3427601134.139993, 103003744.05470017, -128414122.21582194, 2.952788095956414e+16, 122740777.63268231, -77727013.48449327, -2.0074862591842178e+45], [-4228315504.6077895, 419134005.55432063, 116732473.65778747, -2.2729754413791104e+16, -77727013.48449329, 100292993.05216442, 7.715657553279231e+44], [-2.4870447650408267e+46, -8.233895626327299e+45, 1.519140697744521e+45, -4.675994034597944e+53, -2.0074862591842178e+45, 7.715657553279231e+44, 3.9989925234026584e+82]]
sigma_dmb
from cov matrix =
7.222254879331686e-41
2-sigma =
1.791119210074258e-40
2-sigma zack's method =
1.123169898580897e-40