n-power=
-4
dm_mass=
1
stepsize =
8e-43
fisher matrix =
[[89053004059.43597, -14934039028.019135, -2940885090.4300942, 2.802243714152171e+17, 1439387238.7181916, -1829765163.669855, -4.945578575705219e+47], [-14934039028.019136, 7723175693.371375, 409376095.52209485, 1.6377879465343898e+17, -231079982.89906472, 209106563.68674743, -2.0898318552077987e+47], [-2940885090.4300947, 409376095.52209485, 227128763.07496467, -2.761015268097122e+16, -33869122.070339784, 55579902.966959886, 3.6972616642570375e+46], [2.802243714152171e+17, 1.6377879465343898e+17, -2.761015268097122e+16, 1.3049938450145515e+25, 2050827282586949.5, -1.457540694673369e+16, -1.6006183609785626e+55], [1439387238.7181916, -231079982.89906472, -33869122.070339784, 2050827282586948.8, 60118198.784814075, -42876207.81991908, -2.1776763295971208e+46], [-1829765163.669855, 209106563.68674743, 55579902.966959886, -1.457540694673369e+16, -42876207.81991908, 64308617.49249772, 2.435969307421245e+46], [-4.945578575705219e+47, -2.0898318552077983e+47, 3.6972616642570375e+46, -1.6006183609785626e+55, -2.1776763295971208e+46, 2.4359693074212454e+46, 2.932894545900628e+85]]
sigma_dmb
from cov matrix =
1.006661909835643e-42
2-sigma =
2.4965215363923945e-42
2-sigma zack's method =
1.565539977611686e-42