n-power=
4
dm_mass=
0.0001
stepsize =
2e-20
fisher matrix =
[[38722912692.56028, -5400831812.69728, -1512407201.3107786, 2.0004590152567654e+17, 719715615.3290608, -885453654.0607411, 3.8249441472978795e+25], [-5400831812.69728, 1349516295.2543473, 353749730.813514, -2.3677774040444652e+16, -79030079.2657795, 110161936.19364583, -5.087021181833458e+24], [-1512407201.3107786, 353749730.813514, 98135854.14581107, -6733085057995549.0, -23001320.238087177, 29275360.467272364, -1.0195345316837886e+24], [2.0004590152567654e+17, -2.3677774040444652e+16, -6733085057995549.0, 1.8546277029960924e+24, 5310020104695577.0, -7970837511702833.0, 1.9958627867543105e+32], [719715615.3290607, -79030079.2657795, -23001320.238087177, 5310020104695576.0, 17398145.51549535, -23038669.76646371, 7.250264994571337e+23], [-885453654.0607411, 110161936.19364583, 29275360.467272364, -7970837511702833.0, -23038669.76646371, 35076971.73757442, -1.035678855931358e+24], [3.8249441472978795e+25, -5.087021181833458e+24, -1.0195345316837886e+24, 1.9958627867543105e+32, 7.250264994571337e+23, -1.0356788559313582e+24, 1.3034394942151774e+41]]
sigma_dmb
from cov matrix =
4.236349440897588e-21
relative_bulk_velocity =
0.0
2-sigma zack's method =
6.592843285571232e-21