n-power=
4
dm_mass=
0.001
stepsize =
1.0669676460233537e-16
fisher matrix =
[[38722912692.56028, -5400831812.69728, -1512407201.3107786, 2.0004590152567654e+17, 719715615.3290608, -885453654.0607411, 1.626083308440746e+23], [-5400831812.69728, 1349516295.2543473, 353749730.813514, -2.3677774040444652e+16, -79030079.2657795, 110161936.19364583, -2.2644258372097195e+22], [-1512407201.3107786, 353749730.813514, 98135854.14581107, -6733085057995549.0, -23001320.238087177, 29275360.467272364, -5.109919941823862e+21], [2.0004590152567654e+17, -2.3677774040444652e+16, -6733085057995549.0, 1.8546277029960924e+24, 5310020104695577.0, -7970837511702833.0, 1.0427486168336402e+30], [719715615.3290607, -79030079.2657795, -23001320.238087177, 5310020104695576.0, 17398145.51549535, -23038669.76646371, 3.5053229382027754e+21], [-885453654.0607411, 110161936.19364583, 29275360.467272364, -7970837511702833.0, -23038669.76646371, 35076971.73757442, -5.034612171255191e+21], [1.626083308440746e+23, -2.2644258372097195e+22, -5.109919941823862e+21, 1.0427486168336401e+30, 3.505322938202775e+21, -5.034612171255191e+21, 1.4601104486829907e+36]]
sigma_dmb
from cov matrix =
1.6305881238040222e-18
2-sigma =
4.043858547033975e-18
2-sigma zack's method =
2.5358242619371107e-18