n-power=
4
dm_mass=
0.001
stepsize =
6e-20
fisher matrix =
[[38689341457.83366, -5362818719.258043, -1514628752.0685098, 2.0123291621707786e+17, 722016676.7070714, -885457065.0324104, 2.2409938812120122e+23], [-5362818719.258043, 1306325308.2861695, 356281042.1818493, -2.5035569924397972e+16, -81581231.77670474, 110165849.10599668, -2.1678240259591023e+22], [-1514628752.0685098, 356281042.18184936, 97987110.05910282, -6652990128963406.0, -22855687.255963955, 29275128.997670814, -6.164008768621877e+21], [2.0123291621707786e+17, -2.5035569924397972e+16, -6652990128963406.0, 1.8112240032056673e+24, 5235339837961014.0, -7970711506386538.0, 1.4606057100293777e+30], [722016676.7070714, -81581231.77670474, -22855687.255963955, 5235339837961014.0, 17203704.706812263, -23038461.739678524, 5.151458667118713e+21], [-885457065.0324104, 110165849.10599668, 29275128.997670814, -7970711506386537.0, -23038461.739678524, 35076971.37057968, -6.427245105007895e+21], [2.2409938812120122e+23, -2.1678240259591023e+22, -6.164008768621877e+21, 1.4606057100293777e+30, 5.151458667118713e+21, -6.427245105007895e+21, 1.9283299179166363e+36]]
sigma_dmb
from cov matrix =
2.003717174981226e-18
relative_bulk_velocity =
0.0
2-sigma zack's method =
3.1159756398232645e-18