n-power=
4
dm_mass=
0.01
stepsize =
1.8973665961010275e-15
fisher matrix =
[[38722912692.56028, -5400831812.69728, -1512407201.3107786, 2.0004590152567654e+17, 719715615.3290608, -885453654.0607411, 2.393682857566706e+21], [-5400831812.69728, 1349516295.2543473, 353749730.813514, -2.3677774040444652e+16, -79030079.2657795, 110161936.19364583, -3.154773096520111e+20], [-1512407201.3107786, 353749730.813514, 98135854.14581107, -6733085057995549.0, -23001320.238087177, 29275360.467272364, -6.821476465828939e+19], [2.0004590152567654e+17, -2.3677774040444652e+16, -6733085057995549.0, 1.8546277029960924e+24, 5310020104695577.0, -7970837511702833.0, 1.3526641712948208e+28], [719715615.3290607, -79030079.2657795, -23001320.238087177, 5310020104695576.0, 17398145.51549535, -23038669.76646371, 4.790265302646963e+19], [-885453654.0607411, 110161936.19364583, 29275360.467272364, -7970837511702833.0, -23038669.76646371, 35076971.73757442, -6.727768863238657e+19], [2.393682857566706e+21, -3.154773096520111e+20, -6.821476465828939e+19, 1.3526641712948208e+28, 4.790265302646963e+19, -6.727768863238657e+19, 3.6963236606657005e+32]]
sigma_dmb
from cov matrix =
8.964264624407751e-17
2-sigma =
2.223137626853122e-16
2-sigma zack's method =
1.3957285726450993e-16