n-power=
4
dm_mass=
0.1
stepsize =
3.374047951142095e-14
fisher matrix =
[[38722912692.56028, -5400831812.69728, -1512407201.3107786, 2.0004590152567654e+17, 719715615.3290608, -885453654.0607411, 2.742542043673213e+19], [-5400831812.69728, 1349516295.2543473, 353749730.813514, -2.3677774040444652e+16, -79030079.2657795, 110161936.19364583, -3.669849971549026e+18], [-1512407201.3107786, 353749730.813514, 98135854.14581107, -6733085057995549.0, -23001320.238087177, 29275360.467272364, -7.439305140574106e+17], [2.0004590152567654e+17, -2.3677774040444652e+16, -6733085057995549.0, 1.8546277029960924e+24, 5310020104695577.0, -7970837511702833.0, 1.457867585933471e+26], [719715615.3290607, -79030079.2657795, -23001320.238087177, 5310020104695576.0, 17398145.51549535, -23038669.76646371, 5.254208991137873e+17], [-885453654.0607411, 110161936.19364583, 29275360.467272364, -7970837511702833.0, -23038669.76646371, 35076971.73757442, -7.512869193879528e+17], [2.742542043673213e+19, -3.669849971549026e+18, -7.439305140574106e+17, 1.4578675859334707e+26, 5.254208991137873e+17, -7.512869193879528e+17, 6.422378618465628e+28]]
sigma_dmb
from cov matrix =
6.110864639232462e-15
2-sigma =
1.5154944305296507e-14
2-sigma zack's method =
9.509074077478302e-15