n-power=
4
dm_mass=
1000
stepsize =
3.3740479511420946e-09
fisher matrix =
[[38722912692.56028, -5400831812.69728, -1512407201.3107786, 2.0004590152567654e+17, 719715615.3290608, -885453654.0607411, 342470265651014.4], [-5400831812.69728, 1349516295.2543473, 353749730.813514, -2.3677774040444652e+16, -79030079.2657795, 110161936.19364583, -53360568486205.055], [-1512407201.3107786, 353749730.813514, 98135854.14581107, -6733085057995549.0, -23001320.238087177, 29275360.467272364, -10082134897913.969], [2.0004590152567654e+17, -2.3677774040444652e+16, -6733085057995549.0, 1.8546277029960924e+24, 5310020104695577.0, -7970837511702833.0, 1.930853990806057e+21], [719715615.3290607, -79030079.2657795, -23001320.238087177, 5310020104695576.0, 17398145.51549535, -23038669.76646371, 6607667036914.859], [-885453654.0607411, 110161936.19364583, 29275360.467272364, -7970837511702833.0, -23038669.76646371, 35076971.73757442, -10281643345414.826], [342470265651014.4, -53360568486205.055, -10082134897913.965, 1.9308539908060574e+21, 6607667036914.859, -10281643345414.828, 1.3815286248292456e+19]]
sigma_dmb
from cov matrix =
4.028570413791268e-10
2-sigma =
9.990854626202345e-10
2-sigma zack's method =
6.267472961309111e-10