n-power=
4
dm_mass=
1000
stepsize =
3.3740479511420946e-09
fisher matrix =
[[38689341457.83366, -5362818719.258043, -1514628752.0685098, 2.0123291621707786e+17, 722016676.7070714, -885457065.0324104, 329855680380692.0], [-5362818719.258043, 1306325308.2861695, 356281042.1818493, -2.5035569924397972e+16, -81581231.77670474, 110165849.10599668, -39255670901597.914], [-1514628752.0685098, 356281042.18184936, 97987110.05910282, -6652990128963406.0, -22855687.255963955, 29275128.997670814, -10884267776704.312], [2.0123291621707786e+17, -2.5035569924397972e+16, -6652990128963406.0, 1.8112240032056673e+24, 5235339837961014.0, -7970711506386538.0, 2.3365014708505223e+21], [722016676.7070714, -81581231.77670474, -22855687.255963955, 5235339837961014.0, 17203704.706812263, -23038461.739678524, 7787452365262.316], [-885457065.0324104, 110165849.10599668, 29275128.997670814, -7970711506386537.0, -23038461.739678524, 35076971.37057968, -10282760599675.084], [329855680380692.0, -39255670901597.914, -10884267776704.312, 2.3365014708505228e+21, 7787452365262.316, -10282760599675.084, 4.2124472578091725e+18]]
sigma_dmb
from cov matrix =
1.5477604652909715e-09
relative_bulk_velocity =
0.0
2-sigma zack's method =
2.408677572828077e-09