n-power=
4
dm_mass=
100
stepsize =
1.8973665961010278e-10
fisher matrix =
[[38722912692.56028, -5400831812.69728, -1512407201.3107786, 2.0004590152567654e+17, 719715615.3290608, -885453654.0607411, 3943764990935032.0], [-5400831812.69728, 1349516295.2543473, 353749730.813514, -2.3677774040444652e+16, -79030079.2657795, 110161936.19364583, -605219560268015.6], [-1512407201.3107786, 353749730.813514, 98135854.14581107, -6733085057995549.0, -23001320.238087177, 29275360.467272364, -114148933995957.67], [2.0004590152567654e+17, -2.3677774040444652e+16, -6733085057995549.0, 1.8546277029960924e+24, 5310020104695577.0, -7970837511702833.0, 2.1896120850566244e+22], [719715615.3290607, -79030079.2657795, -23001320.238087177, 5310020104695576.0, 17398145.51549535, -23038669.76646371, 75535567749182.77], [-885453654.0607411, 110161936.19364583, 29275360.467272364, -7970837511702833.0, -23038669.76646371, 35076971.73757442, -116796269280909.44], [3943764990935032.0, -605219560268015.6, -114148933995957.67, 2.189612085056625e+22, 75535567749182.78, -116796269280909.42, 1.8296734940939598e+21]]
sigma_dmb
from cov matrix =
3.4818631573181765e-11
2-sigma =
8.635020630149077e-11
2-sigma zack's method =
5.414483922792956e-11