n-power=
4
dm_mass=
10
stepsize =
1.0669676460233537e-11
fisher matrix =
[[38722912692.56028, -5400831812.69728, -1512407201.3107786, 2.0004590152567654e+17, 719715615.3290608, -885453654.0607411, 4.610793115398421e+16], [-5400831812.69728, 1349516295.2543473, 353749730.813514, -2.3677774040444652e+16, -79030079.2657795, 110161936.19364583, -6924244158148814.0], [-1512407201.3107786, 353749730.813514, 98135854.14581107, -6733085057995549.0, -23001320.238087177, 29275360.467272364, -1310452854044209.5], [2.0004590152567654e+17, -2.3677774040444652e+16, -6733085057995549.0, 1.8546277029960924e+24, 5310020104695577.0, -7970837511702833.0, 2.5247517843613745e+23], [719715615.3290607, -79030079.2657795, -23001320.238087177, 5310020104695576.0, 17398145.51549535, -23038669.76646371, 879189593706326.4], [-885453654.0607411, 110161936.19364583, 29275360.467272364, -7970837511702833.0, -23038669.76646371, 35076971.73757442, -1344982662378968.2], [4.610793115398421e+16, -6924244158148814.0, -1310452854044209.5, 2.5247517843613745e+23, 879189593706326.5, -1344982662378968.2, 2.4444835204074494e+23]]
sigma_dmb
from cov matrix =
3.0055104112995166e-12
2-sigma =
7.4536658200228e-12
2-sigma zack's method =
4.673131722289883e-12