n-power=
4
dm_mass=
1e-05
stepsize =
2e-22
fisher matrix =
[[38722912692.56028, -5400831812.69728, -1512407201.3107786, 2.0004590152567654e+17, 719715615.3290608, -885453654.0607411, 4.564593347962485e+27], [-5400831812.69728, 1349516295.2543473, 353749730.813514, -2.3677774040444652e+16, -79030079.2657795, 110161936.19364583, -6.207467508253314e+26], [-1512407201.3107786, 353749730.813514, 98135854.14581107, -6733085057995549.0, -23001320.238087177, 29275360.467272364, -1.2114063147488051e+26], [2.0004590152567654e+17, -2.3677774040444652e+16, -6733085057995549.0, 1.8546277029960924e+24, 5310020104695577.0, -7970837511702833.0, 2.3615750738803467e+34], [719715615.3290607, -79030079.2657795, -23001320.238087177, 5310020104695576.0, 17398145.51549535, -23038669.76646371, 8.57839966080175e+25], [-885453654.0607411, 110161936.19364583, 29275360.467272364, -7970837511702833.0, -23038669.76646371, 35076971.73757442, -1.2427866113589647e+26], [4.564593347962485e+27, -6.207467508253314e+26, -1.2114063147488051e+26, 2.3615750738803467e+34, 8.57839966080175e+25, -1.2427866113589645e+26, 2.0271033785901663e+45]]
sigma_dmb
from cov matrix =
3.3638996227328825e-23
2-sigma =
8.342471064377549e-23
2-sigma zack's method =
5.233690909832045e-23