n-power=
4
dm_mass=
1
stepsize =
6e-13
fisher matrix =
[[38689341457.83366, -5362818719.258043, -1514628752.0685098, 2.0123291621707786e+17, 722016676.7070714, -885457065.0324104, 6.550524375786314e+17], [-5362818719.258043, 1306325308.2861695, 356281042.1818493, -2.5035569924397972e+16, -81581231.77670474, 110165849.10599668, -7.111601179166883e+16], [-1514628752.0685098, 356281042.18184936, 97987110.05910282, -6652990128963406.0, -22855687.255963955, 29275128.997670814, -2.002241917135897e+16], [2.0123291621707786e+17, -2.5035569924397972e+16, -6652990128963406.0, 1.8112240032056673e+24, 5235339837961014.0, -7970711506386538.0, 4.342465747187584e+24], [722016676.7070714, -81581231.77670474, -22855687.255963955, 5235339837961014.0, 17203704.706812263, -23038461.739678524, 1.4997752046785454e+16], [-885457065.0324104, 110165849.10599668, 29275128.997670814, -7970711506386537.0, -23038461.739678524, 35076971.37057968, -1.9109425924745324e+16], [6.550524375786314e+17, -7.111601179166883e+16, -2.002241917135897e+16, 4.342465747187584e+24, 1.4997752046785454e+16, -1.9109425924745324e+16, 1.4969205710272239e+25]]
sigma_dmb
from cov matrix =
9.084390464875973e-13
relative_bulk_velocity =
0.0
2-sigma zack's method =
1.4137303615449314e-12