n-power=
4
dm_mass=
1
stepsize =
6e-13
fisher matrix =
[[38722912692.56028, -5400831812.69728, -1512407201.3107786, 2.0004590152567654e+17, 719715615.3290608, -885453654.0607411, 6.773160288217434e+17], [-5400831812.69728, 1349516295.2543473, 353749730.813514, -2.3677774040444652e+16, -79030079.2657795, 110161936.19364583, -9.601190358348765e+16], [-1512407201.3107786, 353749730.813514, 98135854.14581107, -6733085057995549.0, -23001320.238087177, 29275360.467272364, -1.8608085893042732e+16], [2.0004590152567654e+17, -2.3677774040444652e+16, -6733085057995549.0, 1.8546277029960924e+24, 5310020104695577.0, -7970837511702833.0, 3.62891351738973e+24], [719715615.3290607, -79030079.2657795, -23001320.238087177, 5310020104695576.0, 17398145.51549535, -23038669.76646371, 1.288897130658996e+16], [-885453654.0607411, 110161936.19364583, 29275360.467272364, -7970837511702833.0, -23038669.76646371, 35076971.73757442, -1.910746458745544e+16], [6.773160288217435e+17, -9.601190358348763e+16, -1.8608085893042732e+16, 3.62891351738973e+24, 1.2888971306589964e+16, -1.910746458745544e+16, 4.721319740691482e+25]]
sigma_dmb
from cov matrix =
2.179832705151712e-13
2-sigma =
5.405985108776246e-13
2-sigma zack's method =
3.3899977289005087e-13