n-power=
0.0
dm_mass=
0.001
stepsize =
7.09626778467151e-27
fisher matrix =
[[2736283199.4857717, -778985595.7567207, -120185038.06638263, 1.122504304505587e+16, 24574952.619128216, -83105993.71418627, 1.717956822412872e+32], [-778985595.7567207, 520774330.89424217, 31093915.181434195, 5051753345702350.0, 23317011.490936704, 17953947.49327118, -1.928661400332911e+32], [-120185038.06638259, 31093915.181434195, 14594610.25926799, -1485326948475107.8, -3999740.3385885605, 4076361.530950619, 1.0462804744545882e+31], [1.122504304505587e+16, 5051753345702351.0, -1485326948475107.8, 7.8780813142992e+23, 1866704728007795.5, -2267576237984734.0, -5.24069585998995e+39], [24574952.619128216, 23317011.490936704, -3999740.3385885605, 1866704728007795.5, 5491250.0186922895, -4289338.713471742, -1.9973877296703092e+31], [-83105993.71418627, 17953947.49327118, 4076361.530950619, -2267576237984734.5, -4289338.713471742, 9751449.471582353, 1.5292077845968906e+29], [1.717956822412872e+32, -1.928661400332911e+32, 1.0462804744545882e+31, -5.24069585998995e+39, -1.9973877296703092e+31, 1.5292077845968906e+29, 1.3175806898454636e+56]]
sigma_dmeff
from cov matrix =
2.6217408190692617e-28
2-sigma =
6.501917231291769e-28
2-sigma zack's method =
4.076882827539895e-28
