n-power=
0
dm_mass=
0.001
stepsize =
7.09626778467151e-27
fisher matrix =
[[2489864549.0481324, -505127381.7607281, -135841792.33351955, 1.8777937711893148e+16, 51736513.90136722, -83110159.14901446, 6.589952299386812e+29], [-505127381.7607281, 216401500.62779844, 48341327.21876258, -3336293201652366.5, -6821838.655705716, 17974342.950333282, -6.521112128470857e+30], [-135841792.33351955, 48341327.21876257, 13670330.173824089, -1013554096058815.1, -2314227.011969255, 4074619.961071587, 2.392419230667951e+29], [1.8777937711893148e+16, -3336293201652367.0, -1013554096058815.1, 5.562862413974006e+23, 1043854876705742.9, -2266801243771749.5, -3.1523559109913357e+38], [51736513.90136722, -6821838.655705716, -2314227.011969255, 1043854876705742.9, 2438565.2157471064, -4287489.242424675, -7.875772914373178e+29], [-83110159.14901446, 17974342.950333282, 4074619.961071587, -2266801243771749.5, -4287489.242424675, 9751425.152373651, 5.804976930022299e+29], [6.589952299386812e+29, -6.521112128470857e+30, 2.3924192306679512e+29, -3.1523559109913357e+38, -7.875772914373178e+29, 5.804976930022299e+29, 2.2256697187936422e+54]]
sigma_dmb
from cov matrix =
1.1048750010518966e-27
2-sigma =
2.7400900026087035e-27
2-sigma zack's method =
