n-power=
0
dm_mass=
0.01
stepsize =
1.0023744672545445e-26
fisher matrix =
[[2489864549.0481324, -505127381.7607281, -135841792.33351955, 1.8777937711893148e+16, 51736513.90136722, -83110159.14901446, -3.286307693684512e+30], [-505127381.7607281, 216401500.62779844, 48341327.21876258, -3336293201652366.5, -6821838.655705716, 17974342.950333282, -3.582569435865973e+30], [-135841792.33351955, 48341327.21876257, 13670330.173824089, -1013554096058815.1, -2314227.011969255, 4074619.961071587, 2.873520690174425e+29], [1.8777937711893148e+16, -3336293201652367.0, -1013554096058815.1, 5.562862413974006e+23, 1043854876705742.9, -2266801243771749.5, -2.9065712094843805e+38], [51736513.90136722, -6821838.655705716, -2314227.011969255, 1043854876705742.9, 2438565.2157471064, -4287489.242424675, -6.865899448770145e+29], [-83110159.14901446, 17974342.950333282, 4074619.961071587, -2266801243771749.5, -4287489.242424675, 9751425.152373651, 7.551653570859519e+29], [-3.286307693684512e+30, -3.582569435865973e+30, 2.873520690174425e+29, -2.9065712094843805e+38, -6.865899448770145e+29, 7.551653570859519e+29, 9.087869689570944e+53]]
sigma_dmb
from cov matrix =
1.879033516672138e-27
2-sigma =
4.660003121346903e-27
2-sigma zack's method =
