n-power=
0.0
dm_mass=
0.01
stepsize =
1.0023744672545445e-26
fisher matrix =
[[2736283199.4857717, -778985595.7567207, -120185038.06638263, 1.122504304505587e+16, 24574952.619128216, -83105993.71418627, 9.831075369666386e+31], [-778985595.7567207, 520774330.89424217, 31093915.181434195, 5051753345702350.0, 23317011.490936704, 17953947.49327118, -1.120564536692338e+32], [-120185038.06638259, 31093915.181434195, 14594610.25926799, -1485326948475107.8, -3999740.3385885605, 4076361.530950619, 6.146798554491714e+30], [1.122504304505587e+16, 5051753345702351.0, -1485326948475107.8, 7.8780813142992e+23, 1866704728007795.5, -2267576237984734.0, -3.0915011988737065e+39], [24574952.619128216, 23317011.490936704, -3999740.3385885605, 1866704728007795.5, 5491250.0186922895, -4289338.713471742, -1.1699683787126951e+31], [-83105993.71418627, 17953947.49327118, 4076361.530950619, -2267576237984734.5, -4289338.713471742, 9751449.471582353, 2.582471372682874e+29], [9.831075369666386e+31, -1.120564536692338e+32, 6.146798554491714e+30, -3.0915011988737065e+39, -1.1699683787126951e+31, 2.582471372682874e+29, 4.441276700516433e+55]]
sigma_dmeff
from cov matrix =
4.599559310992145e-28
2-sigma =
1.140690709126052e-27
2-sigma zack's method =
7.161412978000507e-28