n-power=
0
dm_mass=
0.1
stepsize =
1.415891568768276e-26
fisher matrix =
[[2489864549.0481324, -505127381.7607281, -135841792.33351955, 1.8777937711893148e+16, 51736513.90136722, -83110159.14901446, -4.8800785325720866e+30], [-505127381.7607281, 216401500.62779844, 48341327.21876258, -3336293201652366.5, -6821838.655705716, 17974342.950333282, -2.098846265110128e+30], [-135841792.33351955, 48341327.21876257, 13670330.173824089, -1013554096058815.1, -2314227.011969255, 4074619.961071587, 2.8691544897614348e+29], [1.8777937711893148e+16, -3336293201652367.0, -1013554096058815.1, 5.562862413974006e+23, 1043854876705742.9, -2266801243771749.5, -2.6236609829289156e+38], [51736513.90136722, -6821838.655705716, -2314227.011969255, 1043854876705742.9, 2438565.2157471064, -4287489.242424675, -6.02457266107781e+29], [-83110159.14901446, 17974342.950333282, 4074619.961071587, -2266801243771749.5, -4287489.242424675, 9751425.152373651, 7.860719836443254e+29], [-4.8800785325720866e+30, -2.098846265110128e+30, 2.8691544897614348e+29, -2.6236609829289156e+38, -6.02457266107781e+29, 7.860719836443255e+29, 4.497949238957079e+53]]
sigma_dmb
from cov matrix =
3.0141821708727198e-27
2-sigma =
7.475171783764345e-27
2-sigma zack's method =
