n-power=
0.0
dm_mass=
0.1
stepsize =
1.415891568768276e-26
fisher matrix =
[[2736283199.4857717, -778985595.7567207, -120185038.06638263, 1.122504304505587e+16, 24574952.619128216, -83105993.71418627, 5.823385761277808e+31], [-778985595.7567207, 520774330.89424217, 31093915.181434195, 5051753345702350.0, 23317011.490936704, 17953947.49327118, -6.795308376678495e+31], [-120185038.06638259, 31093915.181434195, 14594610.25926799, -1485326948475107.8, -3999740.3385885605, 4076361.530950619, 3.7812516014285665e+30], [1.122504304505587e+16, 5051753345702351.0, -1485326948475107.8, 7.8780813142992e+23, 1866704728007795.5, -2267576237984734.0, -1.9158936817066607e+39], [24574952.619128216, 23317011.490936704, -3999740.3385885605, 1866704728007795.5, 5491250.0186922895, -4289338.713471742, -7.171940150490552e+30], [-83105993.71418627, 17953947.49327118, 4076361.530950619, -2267576237984734.5, -4289338.713471742, 9751449.471582353, 3.0681072462123617e+29], [5.823385761277808e+31, -6.795308376678495e+31, 3.7812516014285665e+30, -1.9158936817066607e+39, -7.171940150490552e+30, 3.0681072462123617e+29, 1.622475037618386e+55]]
sigma_dmeff
from cov matrix =
7.932989353458625e-28
2-sigma =
1.9673813596577388e-27
2-sigma zack's method =
1.2345316153002473e-27
