n-power=
0
dm_mass=
1000
stepsize =
5.636765862528908e-26
fisher matrix =
[[2489864549.0481324, -505127381.7607281, -135841792.33351955, 1.8777937711893148e+16, 51736513.90136722, -83110159.14901446, -4.6387227344033066e+27], [-505127381.7607281, 216401500.62779844, 48341327.21876258, -3336293201652366.5, -6821838.655705716, 17974342.950333282, -1.8134110071474728e+27], [-135841792.33351955, 48341327.21876257, 13670330.173824089, -1013554096058815.1, -2314227.011969255, 4074619.961071587, 2.7847420546333224e+26], [1.8777937711893148e+16, -3336293201652367.0, -1013554096058815.1, 5.562862413974006e+23, 1043854876705742.9, -2266801243771749.5, -2.57411673649878e+35], [51736513.90136722, -6821838.655705716, -2314227.011969255, 1043854876705742.9, 2438565.2157471064, -4287489.242424675, -5.779447765225968e+26], [-83110159.14901446, 17974342.950333282, 4074619.961071587, -2266801243771749.5, -4287489.242424675, 9751425.152373651, 7.962331112483648e+26], [-4.638722734403307e+27, -1.8134110071474726e+27, 2.7847420546333224e+26, -2.57411673649878e+35, -5.779447765225968e+26, 7.962331112483648e+26, 3.7840122435106696e+47]]
sigma_dmb
from cov matrix =
3.452590688234019e-24
2-sigma =
8.562424906820367e-24
2-sigma zack's method =
5.37316087389439e-24