n-power=
0
dm_mass=
100
stepsize =
3.990524629937759e-26
fisher matrix =
[[2489864549.0481324, -505127381.7607281, -135841792.33351955, 1.8777937711893148e+16, 51736513.90136722, -83110159.14901446, -6.01714772596622e+28], [-505127381.7607281, 216401500.62779844, 48341327.21876258, -3336293201652366.5, -6821838.655705716, 17974342.950333282, -1.6499245114617585e+28], [-135841792.33351955, 48341327.21876257, 13670330.173824089, -1013554096058815.1, -2314227.011969255, 4074619.961071587, 3.2113532875313183e+27], [1.8777937711893148e+16, -3336293201652367.0, -1013554096058815.1, 5.562862413974006e+23, 1043854876705742.9, -2266801243771749.5, -2.722278266772851e+36], [51736513.90136722, -6821838.655705716, -2314227.011969255, 1043854876705742.9, 2438565.2157471064, -4287489.242424675, -6.19814860283772e+27], [-83110159.14901446, 17974342.950333282, 4074619.961071587, -2266801243771749.5, -4287489.242424675, 9751425.152373651, 8.607082388799244e+27], [-6.017147725966221e+28, -1.6499245114617585e+28, 3.2113532875313183e+27, -2.7222782667728505e+36, -6.19814860283772e+27, 8.607082388799244e+27, 3.8568255471242846e+49]]
sigma_dmb
from cov matrix =
3.551297809099115e-25
2-sigma =
8.807218566565805e-25
2-sigma zack's method =
5.522234192119129e-25