n-power=
0
dm_mass=
10
stepsize =
2.8250750892455087e-26
fisher matrix =
[[1027252517.6343127, -238816378.3609004, -61459876.96346341, 7029522351693150.0, 22368978.45619225, -33093552.80349676, -8.629238324115286e+28], [-238816378.3609004, 118675954.50549626, 22415730.40454127, -1152955640368728.8, -2312321.4413181394, 8625380.56475892, -1.969447437944209e+29], [-61459876.96346341, 22415730.40454126, 6615996.256618525, -457816197378357.75, -1073403.2385513983, 1736423.733873027, 1.6789608592295162e+28], [7029522351693150.0, -1152955640368729.0, -457816197378357.8, 2.8605169815309587e+23, 505668516366019.0, -1117489825225682.9, -1.4583563607669597e+37], [22368978.45619225, -2312321.4413181394, -1073403.2385513983, 505668516366019.0, 1188550.941874247, -1989221.5211852, -3.352458896239403e+28], [-33093552.803496767, 8625380.56475892, 1736423.7338730267, -1117489825225682.9, -1989221.5211852002, 4837704.491201063, 3.4787290884414343e+28], [-8.629238324115286e+28, -1.969447437944209e+29, 1.6789608592295162e+28, -1.4583563607669597e+37, -3.352458896239403e+28, 3.4787290884414343e+28, 2.7821119542691873e+51]]
sigma_dmb
from cov matrix =
4.4815304504697837e-26
2-sigma =
1.1114195517165064e-25
2-sigma zack's method =
