n-power=
0
dm_mass=
1
stepsize =
2e-26
fisher matrix =
[[2737513669.268865, -779914318.2269955, -120427564.25192468, 1.1218120558518204e+16, 24570950.678117216, -83089685.04806302, 2.7173837610971255e+31], [-779914318.2269953, 521320567.8122918, 31235893.664776534, 5053727344938481.0, 23315142.66291231, 17951618.820151698, -3.440576256071309e+31], [-120427564.25192468, 31235893.664776538, 14630147.108160576, -1484571443951457.8, -4000873.724578171, 4075896.2249238905, 2.031504882676424e+30], [1.1218120558518204e+16, 5053727344938482.0, -1484571443951457.8, 7.87693825480095e+23, 1866805655351377.0, -2267428836176695.0, -1.0503170206291581e+39], [24570950.67811722, 23315142.66291231, -4000873.724578171, 1866805655351377.0, 5491475.856771744, -4289708.6322540995, -3.7898246723140963e+30], [-83089685.04806302, 17951618.820151698, 4075896.2249238905, -2267428836176695.0, -4289708.6322540995, 9751426.855704302, 4.456106846626125e+29], [2.7173837610971255e+31, -3.440576256071309e+31, 2.031504882676424e+30, -1.0503170206291581e+39, -3.7898246723140963e+30, 4.456106846626125e+29, 4.159261883462289e+54]]
sigma_dmb
from cov matrix =
1.750569358888696e-27
2-sigma =
4.3414120100439665e-27
2-sigma zack's method =
2.725057659420467e-27