n-power=
-4
dm_mass=
0.0001
stepsize =
3e-43
fisher matrix =
[[40312360224.58108, -7366609584.176529, -1401873947.8174148, 1.491573327577693e+17, 482628117.2138655, -885331362.3243467, -9.40311348352375e+46], [-7366609584.176529, 3798357948.6697364, 215942365.4393903, 3.954022658174082e+16, 218693135.9005992, 110011232.10191569, -7.1605021097834314e+47], [-1401873947.8174148, 215942365.4393903, 105892441.6132205, -1.0290655695388452e+16, -39757253.66155561, 29283834.743676975, 6.581415035550507e+46], [1.491573327577693e+17, 3.954022658174082e+16, -1.0290655695388452e+16, 3.48994274287534e+24, 1.2954463850662194e+16, -7974749921315457.0, -2.6716316896031734e+55], [482628117.2138655, 218693135.90059918, -39757253.6615556, 1.2954463850662194e+16, 54128867.473838836, -23056707.692575853, -1.160013508725608e+47], [-885331362.3243469, 110011232.10191569, 29283834.743676975, -7974749921315457.0, -23056707.692575853, 35076981.51054808, 2.759034860195571e+46], [-9.403113483523753e+46, -7.1605021097834314e+47, 6.581415035550507e+46, -2.6716316896031734e+55, -1.160013508725608e+47, 2.7590348601955706e+46, 2.776352469644271e+86]]
sigma_dmb
from cov matrix =
1.0095085565008488e-42
2-sigma =
2.503581220122105e-42
2-sigma zack's method =
1.5713926364964217e-42