n-power=
-4
dm_mass=
0.1
stepsize =
5e-43
fisher matrix =
[[40683583215.760025, -7587823760.72904, -1390996494.188224, 1.4353373118043928e+17, 441953346.1626357, -885118601.4627055, -6.52955986725958e+45], [-7587823760.72904, 3790376039.0938087, 218441377.3113986, 3.941725849594056e+16, 231426210.0293548, 110071650.94545731, -6.595613368494154e+47], [-1390996494.1882238, 218441377.3113986, 105605180.9716939, -1.022873584733278e+16, -40177212.85134383, 29257643.87207387, 5.95481563420588e+46], [1.4353373118043928e+17, 3.941725849594057e+16, -1.022873584733278e+16, 3.4899190902843307e+24, 1.329479817837205e+16, -7974186082339867.0, -2.4509787239708555e+55], [441953346.1626357, 231426210.02935487, -40177212.85134384, 1.329479817837205e+16, 57658518.16040457, -23056562.754476428, -1.1075870046200327e+47], [-885118601.4627057, 110071650.94545731, 29257643.87207387, -7974186082339867.0, -23056562.754476428, 35069103.86118678, 2.498659202214041e+46], [-6.52955986725958e+45, -6.595613368494154e+47, 5.95481563420588e+46, -2.4509787239708555e+55, -1.1075870046200327e+47, 2.4986592022140405e+46, 2.3524967125380745e+86]]
sigma_dmb
from cov matrix =
1.1346183538522004e-42
2-sigma =
2.813853517553457e-42
2-sigma zack's method =
1.7638850072796415e-42