n-power=
-4
dm_mass=
1000
stepsize =
1e-39
fisher matrix =
[[40312360224.58108, -7366609584.176529, -1401873947.8174148, 1.491573327577693e+17, 482628117.2138655, -885331362.3243467, -9.239451338690214e+43], [-7366609584.176529, 3798357948.6697364, 215942365.4393903, 3.954022658174082e+16, 218693135.9005992, 110011232.10191569, -6.704551445699778e+44], [-1401873947.8174148, 215942365.4393903, 105892441.6132205, -1.0290655695388452e+16, -39757253.66155561, 29283834.743676975, 6.177090444554065e+43], [1.491573327577693e+17, 3.954022658174082e+16, -1.0290655695388452e+16, 3.48994274287534e+24, 1.2954463850662194e+16, -7974749921315457.0, -2.5061238832417623e+52], [482628117.2138655, 218693135.90059918, -39757253.6615556, 1.2954463850662194e+16, 54128867.473838836, -23056707.692575853, -1.0878202185022967e+44], [-885331362.3243469, 110011232.10191569, 29283834.743676975, -7974749921315457.0, -23056707.692575853, 35076981.51054808, 2.5986950982452076e+43], [-9.239451338690214e+43, -6.704551445699778e+44, 6.177090444554065e+43, -2.5061238832417623e+52, -1.0878202185022967e+44, 2.598695098245208e+43, 2.4389481727939813e+80]]
sigma_dmb
from cov matrix =
1.087217231993982e-39
2-sigma =
2.6962987353450754e-39
2-sigma zack's method =
1.6917984650744958e-39