n-power=
-4
dm_mass=
100
stepsize =
1e-40
fisher matrix =
[[40312360224.58108, -7366609584.176529, -1401873947.8174148, 1.491573327577693e+17, 482628117.2138655, -885331362.3243467, -9.061755649984863e+44], [-7366609584.176529, 3798357948.6697364, 215942365.4393903, 3.954022658174082e+16, 218693135.9005992, 110011232.10191569, -6.649513081011969e+45], [-1401873947.8174148, 215942365.4393903, 105892441.6132205, -1.0290655695388452e+16, -39757253.66155561, 29283834.743676975, 6.122473387244103e+44], [1.491573327577693e+17, 3.954022658174082e+16, -1.0290655695388452e+16, 3.48994274287534e+24, 1.2954463850662194e+16, -7974749921315457.0, -2.484769197743076e+53], [482628117.2138655, 218693135.90059918, -39757253.6615556, 1.2954463850662194e+16, 54128867.473838836, -23056707.692575853, -1.0785486156136965e+45], [-885331362.3243469, 110011232.10191569, 29283834.743676975, -7974749921315457.0, -23056707.692575853, 35076981.51054808, 2.5752623872420505e+44], [-9.06175564998486e+44, -6.649513081011969e+45, 6.122473387244103e+44, -2.484769197743076e+53, -1.0785486156136965e+45, 2.5752623872420505e+44, 2.398024451407342e+82]]
sigma_dmb
from cov matrix =
1.0976575160940582e-40
2-sigma =
2.7221906399132643e-40
2-sigma zack's method =
1.7082055645222302e-40