n-power=
-4
dm_mass=
10
stepsize =
8e-42
fisher matrix =
[[40312360224.58108, -7366609584.176529, -1401873947.8174148, 1.491573327577693e+17, 482628117.2138655, -885331362.3243467, -8.39296672449501e+45], [-7366609584.176529, 3798357948.6697364, 215942365.4393903, 3.954022658174082e+16, 218693135.9005992, 110011232.10191569, -6.139198704342545e+46], [-1401873947.8174148, 215942365.4393903, 105892441.6132205, -1.0290655695388452e+16, -39757253.66155561, 29283834.743676975, 5.6548375858694786e+45], [1.491573327577693e+17, 3.954022658174082e+16, -1.0290655695388452e+16, 3.48994274287534e+24, 1.2954463850662194e+16, -7974749921315457.0, -2.2942644836114748e+54], [482628117.2138655, 218693135.90059918, -39757253.6615556, 1.2954463850662194e+16, 54128867.473838836, -23056707.692575853, -9.959033370416204e+45], [-885331362.3243469, 110011232.10191569, 29283834.743676975, -7974749921315457.0, -23056707.692575853, 35076981.51054808, 2.3777067269240808e+45], [-8.392966724495007e+45, -6.139198704342545e+46, 5.6548375858694786e+45, -2.2942644836114748e+54, -9.959033370416204e+45, 2.3777067269240808e+45, 2.044483838605639e+84]]
sigma_dmb
from cov matrix =
1.1892773885261297e-41
2-sigma =
2.9494079235448016e-41
2-sigma zack's method =
1.850306716100866e-41