n-power=
-4
dm_mass=
1e-05
stepsize =
3e-43
fisher matrix =
[[40683583215.760025, -7587823760.72904, -1390996494.188224, 1.4353373118043928e+17, 441953346.1626357, -885118601.4627055, -1.0431077785929515e+46], [-7587823760.72904, 3790376039.0938087, 218441377.3113986, 3.941725849594056e+16, 231426210.0293548, 110071650.94545731, -7.300381738937292e+47], [-1390996494.1882238, 218441377.3113986, 105605180.9716939, -1.022873584733278e+16, -40177212.85134383, 29257643.87207387, 6.603397055094524e+46], [1.4353373118043928e+17, 3.941725849594057e+16, -1.022873584733278e+16, 3.4899190902843307e+24, 1.329479817837205e+16, -7974186082339867.0, -2.7150674851117764e+55], [441953346.1626357, 231426210.02935487, -40177212.85134384, 1.329479817837205e+16, 57658518.16040457, -23056562.754476428, -1.227037041969623e+47], [-885118601.4627057, 110071650.94545731, 29257643.87207387, -7974186082339867.0, -23056562.754476428, 35069103.86118678, 2.7712986881693424e+46], [-1.0431077785929536e+46, -7.3003817389372935e+47, 6.603397055094524e+46, -2.7150674851117764e+55, -1.227037041969623e+47, 2.7712986881693424e+46, 2.885538661388574e+86]]
sigma_dmb
from cov matrix =
1.0290262455247427e-42
2-sigma =
2.551985088901362e-42
2-sigma zack's method =
1.6017929385872755e-42