n-power=
-4
dm_mass=
1
stepsize =
8e-43
fisher matrix =
[[40683583215.760025, -7587823760.72904, -1390996494.188224, 1.4353373118043928e+17, 441953346.1626357, -885118601.4627055, -3.4211674306762484e+45], [-7587823760.72904, 3790376039.0938087, 218441377.3113986, 3.941725849594056e+16, 231426210.0293548, 110071650.94545731, -3.5367128074773142e+47], [-1390996494.1882238, 218441377.3113986, 105605180.9716939, -1.022873584733278e+16, -40177212.85134383, 29257643.87207387, 3.1931273324683215e+46], [1.4353373118043928e+17, 3.941725849594057e+16, -1.022873584733278e+16, 3.4899190902843307e+24, 1.329479817837205e+16, -7974186082339867.0, -1.313762406060572e+55], [441953346.1626357, 231426210.02935487, -40177212.85134384, 1.329479817837205e+16, 57658518.16040457, -23056562.754476428, -5.938159814451378e+46], [-885118601.4627057, 110071650.94545731, 29257643.87207387, -7974186082339867.0, -23056562.754476428, 35069103.86118678, 1.3376923730040874e+46], [-3.4211674306762484e+45, -3.5367128074773142e+47, 3.1931273324683215e+46, -1.313762406060572e+55, -5.938159814451378e+46, 1.3376923730040877e+46, 6.76255921398407e+85]]
sigma_dmb
from cov matrix =
2.1194811462944198e-42
2-sigma =
5.256313242810161e-42
2-sigma zack's method =
3.297628445472555e-42