n-power=
-2
dm_mass=
0.001
stepsize =
4e-34
fisher matrix =
[[2166267546.25976, -514699747.1361665, -143106257.28853744, 1.3693642524009776e+16, 42746568.42180874, -60272868.40681675, -3.732429404079766e+38], [-514699747.1361666, 209498334.12307432, 54988956.35899584, -3461513545536788.0, -7559749.6453213245, 15234550.812658137, 4.965077669504279e+37], [-143106257.2885374, 54988956.35899584, 14771521.059527835, -735763072158030.8, -1918736.684595337, 3238342.228061953, 1.0070074718197601e+37], [1.3693642524009776e+16, -3461513545536787.5, -735763072158030.8, 3.9069660181516275e+23, 770548260514535.5, -1719509854048011.5, -1.0379755247470302e+46], [42746568.42180874, -7559749.645321325, -1918736.6845953371, 770548260514535.5, 1933119.1329378865, -3391519.883427506, -2.3336155846963624e+37], [-60272868.40681675, 15234550.812658137, 3238342.228061953, -1719509854048011.5, -3391519.883427506, 7567802.181100736, 4.568424997176637e+37], [-3.732429404079766e+38, 4.965077669504279e+37, 1.00700747181976e+37, -1.0379755247470302e+46, -2.333615584696362e+37, 4.568424997176636e+37, 3.1227655368459594e+68]]
sigma_dmb
from cov matrix =
5.032980464444019e-34
relative_bulk_velocity =
30.0
2-sigma zack's method =
7.833252310929474e-34