n-power=
-2
dm_mass=
0.1
stepsize =
9.486832980505138e-35
fisher matrix =
[[2167943615.9269233, -516694685.0297029, -142984045.87260818, 1.362326770272057e+16, 42688129.740245536, -60272655.58292045, -3.371830404903296e+38], [-516694685.02970284, 211945056.95475215, 54836133.76206739, -3371906208866146.5, -7508189.083272481, 15234276.38022008, 4.109980351925354e+37], [-142984045.87260818, 54836133.76206739, 14781184.250096813, -741493836895080.0, -1921125.6705498877, 3238359.9151722905, 9.384293433574491e+36], [1.3623267702720568e+16, -3371906208866147.0, -741493836895080.0, 3.9413436027508373e+23, 771449855338457.2, -1719520543762377.2, -9.576789138213012e+45], [42688129.740245536, -7508189.083272481, -1921125.6705498875, 771449855338457.2, 1940560.0923062125, -3391521.614820068, -2.143207225389937e+37], [-60272655.58292045, 15234276.38022008, 3238359.9151722905, -1719520543762377.2, -3391521.614820068, 7567802.214501878, 4.157026433499316e+37], [-3.3718304049032962e+38, 4.109980351925355e+37, 9.384293433574491e+36, -9.576789138213012e+45, -2.143207225389937e+37, 4.157026433499316e+37, 2.67193274625382e+68]]
sigma_dmb
from cov matrix =
4.615780836556877e-34
relative_bulk_velocity =
30.0
2-sigma zack's method =
7.180619656550744e-34