n-power=
-2
dm_mass=
1000
stepsize =
5.272705060027128e-32
fisher matrix =
[[2166267546.25976, -514699747.1361665, -143106257.28853744, 1.3693642524009776e+16, 42746568.42180874, -60272868.40681675, -3.527055855140127e+35], [-514699747.1361666, 209498334.12307432, 54988956.35899584, -3461513545536788.0, -7559749.6453213245, 15234550.812658137, 4.658760550400011e+34], [-143106257.2885374, 54988956.35899584, 14771521.059527835, -735763072158030.8, -1918736.684595337, 3238342.228061953, 9.443803167282132e+33], [1.3693642524009776e+16, -3461513545536787.5, -735763072158030.8, 3.9069660181516275e+23, 770548260514535.5, -1719509854048011.5, -9.8055179980899e+42], [42746568.42180874, -7559749.645321325, -1918736.6845953371, 770548260514535.5, 1933119.1329378865, -3391519.883427506, -2.2062295598650376e+34], [-60272868.40681675, 15234550.812658137, 3238342.228061953, -1719509854048011.5, -3391519.883427506, 7567802.181100736, 4.315687266375324e+34], [-3.5270558551401274e+35, 4.658760550400011e+34, 9.44380316728213e+33, -9.8055179980899e+42, -2.2062295598650376e+34, 4.315687266375324e+34, 2.79019365460231e+62]]
sigma_dmb
from cov matrix =
5.376672248886826e-31
relative_bulk_velocity =
30.0
2-sigma zack's method =
8.36394023050238e-31