n-power=
-2
dm_mass=
1000
stepsize =
5.272705060027128e-32
fisher matrix =
[[2167943615.9269233, -516694685.0297029, -142984045.87260818, 1.362326770272057e+16, 42688129.740245536, -60272655.58292045, -3.491560895660441e+35], [-516694685.02970284, 211945056.95475215, 54836133.76206739, -3371906208866146.5, -7508189.083272481, 15234276.38022008, 4.246607899940512e+34], [-142984045.87260818, 54836133.76206739, 14781184.250096813, -741493836895080.0, -1921125.6705498877, 3238359.9151722905, 9.690694619833884e+33], [1.3623267702720568e+16, -3371906208866147.0, -741493836895080.0, 3.9413436027508373e+23, 771449855338457.2, -1719520543762377.2, -9.942774734163675e+42], [42688129.740245536, -7508189.083272481, -1921125.6705498875, 771449855338457.2, 1940560.0923062125, -3391521.614820068, -2.2245339258395946e+34], [-60272655.58292045, 15234276.38022008, 3238359.9151722905, -1719520543762377.2, -3391521.614820068, 7567802.214501878, 4.315727820504927e+34], [-3.491560895660441e+35, 4.246607899940512e+34, 9.690694619833886e+33, -9.942774734163675e+42, -2.2245339258395946e+34, 4.315727820504927e+34, 2.880425704597092e+62]]
sigma_dmb
from cov matrix =
4.451149953363411e-31
relative_bulk_velocity =
30.0
2-sigma zack's method =
6.9278903698169834e-31