n-power=
-2
dm_mass=
100
stepsize =
3.794733192202055e-32
fisher matrix =
[[2167943615.9269233, -516694685.0297029, -142984045.87260818, 1.362326770272057e+16, 42688129.740245536, -60272655.58292045, -3.4465717372120947e+36], [-516694685.02970284, 211945056.95475215, 54836133.76206739, -3371906208866146.5, -7508189.083272481, 15234276.38022008, 4.198555822052902e+35], [-142984045.87260818, 54836133.76206739, 14781184.250096813, -741493836895080.0, -1921125.6705498877, 3238359.9151722905, 9.571367911431805e+34], [1.3623267702720568e+16, -3371906208866147.0, -741493836895080.0, 3.9413436027508373e+23, 771449855338457.2, -1719520543762377.2, -9.81509461551165e+43], [42688129.740245536, -7508189.083272481, -1921125.6705498875, 771449855338457.2, 1940560.0923062125, -3391521.614820068, -2.1954798740091803e+35], [-60272655.58292045, 15234276.38022008, 3238359.9151722905, -1719520543762377.2, -3391521.614820068, 7567802.214501878, 4.260499343445932e+35], [-3.4465717372120947e+36, 4.198555822052902e+35, 9.571367911431805e+34, -9.81509461551165e+43, -2.1954798740091803e+35, 4.260499343445932e+35, 2.8058341015670613e+64]]
sigma_dmb
from cov matrix =
4.50069466226831e-32
relative_bulk_velocity =
30.0
2-sigma zack's method =
7.0020277085063e-32