n-power=
-2
dm_mass=
1e-06
stepsize =
2e-35
fisher matrix =
[[2166267546.25976, -514699747.1361665, -143106257.28853744, 1.3693642524009776e+16, 42746568.42180874, -60272868.40681675, -3.7306208557303984e+38], [-514699747.1361666, 209498334.12307432, 54988956.35899584, -3461513545536788.0, -7559749.6453213245, 15234550.812658137, 4.90909115814529e+37], [-143106257.2885374, 54988956.35899584, 14771521.059527835, -735763072158030.8, -1918736.684595337, 3238342.228061953, 9.923288738266065e+36], [1.3693642524009776e+16, -3461513545536787.5, -735763072158030.8, 3.9069660181516275e+23, 770548260514535.5, -1719509854048011.5, -1.0418815568934381e+46], [42746568.42180874, -7559749.645321325, -1918736.6845953371, 770548260514535.5, 1933119.1329378865, -3391519.883427506, -2.34358626365844e+37], [-60272868.40681675, 15234550.812658137, 3238342.228061953, -1719509854048011.5, -3391519.883427506, 7567802.181100736, 4.585616341660347e+37], [-3.7306208557303984e+38, 4.90909115814529e+37, 9.923288738266066e+36, -1.0418815568934381e+46, -2.34358626365844e+37, 4.585616341660348e+37, 3.154313561329094e+68]]
sigma_dmb
from cov matrix =
4.891932413410564e-34
relative_bulk_velocity =
30.0
2-sigma zack's method =
7.61059359149275e-34