n-power=
-2
dm_mass=
1e-05
stepsize =
3.035786553761644e-35
fisher matrix =
[[2167943615.9269233, -516694685.0297029, -142984045.87260818, 1.362326770272057e+16, 42688129.740245536, -60272655.58292045, -3.708621655653482e+38], [-516694685.02970284, 211945056.95475215, 54836133.76206739, -3371906208866146.5, -7508189.083272481, 15234276.38022008, 4.491786499780156e+37], [-142984045.87260818, 54836133.76206739, 14781184.250096813, -741493836895080.0, -1921125.6705498877, 3238359.9151722905, 1.0235026481019748e+37], [1.3623267702720568e+16, -3371906208866147.0, -741493836895080.0, 3.9413436027508373e+23, 771449855338457.2, -1719520543762377.2, -1.0589939350193423e+46], [42688129.740245536, -7508189.083272481, -1921125.6705498875, 771449855338457.2, 1940560.0923062125, -3391521.614820068, -2.369224835238115e+37], [-60272655.58292045, 15234276.38022008, 3238359.9151722905, -1719520543762377.2, -3391521.614820068, 7567802.214501878, 4.596586521120663e+37], [-3.708621655653482e+38, 4.491786499780156e+37, 1.0235026481019749e+37, -1.0589939350193423e+46, -2.369224835238115e+37, 4.596586521120663e+37, 3.270738137703461e+68]]
sigma_dmb
from cov matrix =
4.126448034563737e-34
relative_bulk_velocity =
30.0
2-sigma zack's method =
6.421348220317415e-34