n-power=
-2
dm_mass=
1
stepsize =
3e-34
fisher matrix =
[[2167943615.9269233, -516694685.0297029, -142984045.87260818, 1.362326770272057e+16, 42688129.740245536, -60272655.58292045, -1.797516914507539e+38], [-516694685.02970284, 211945056.95475215, 54836133.76206739, -3371906208866146.5, -7508189.083272481, 15234276.38022008, 2.18965649805706e+37], [-142984045.87260818, 54836133.76206739, 14781184.250096813, -741493836895080.0, -1921125.6705498877, 3238359.9151722905, 4.991496351128882e+36], [1.3623267702720568e+16, -3371906208866147.0, -741493836895080.0, 3.9413436027508373e+23, 771449855338457.2, -1719520543762377.2, -5.121358397696773e+45], [42688129.740245536, -7508189.083272481, -1921125.6705498875, 771449855338457.2, 1940560.0923062125, -3391521.614820068, -1.1454070311231627e+37], [-60272655.58292045, 15234276.38022008, 3238359.9151722905, -1719520543762377.2, -3391521.614820068, 7567802.214501878, 2.223024229003598e+37], [-1.797516914507539e+38, 2.1896564980570604e+37, 4.991496351128882e+36, -5.1213583976967725e+45, -1.1454070311231627e+37, 2.223024229003598e+37, 7.638945296816702e+67]]
sigma_dmb
from cov matrix =
8.609168323082526e-34
relative_bulk_velocity =
30.0
2-sigma zack's method =
1.3387678178729649e-33