n-power=
-2
dm_mass=
1
stepsize =
3e-34
fisher matrix =
[[2166267546.25976, -514699747.1361665, -143106257.28853744, 1.3693642524009776e+16, 42746568.42180874, -60272868.40681675, -1.8157564775190085e+38], [-514699747.1361666, 209498334.12307432, 54988956.35899584, -3461513545536788.0, -7559749.6453213245, 15234550.812658137, 2.4014641399485804e+37], [-143106257.2885374, 54988956.35899584, 14771521.059527835, -735763072158030.8, -1918736.684595337, 3238342.228061953, 4.8646069061281867e+36], [1.3693642524009776e+16, -3461513545536787.5, -735763072158030.8, 3.9069660181516275e+23, 770548260514535.5, -1719509854048011.5, -5.050806273847697e+45], [42746568.42180874, -7559749.645321325, -1918736.6845953371, 770548260514535.5, 1933119.1329378865, -3391519.883427506, -1.1360122678606372e+37], [-60272868.40681675, 15234550.812658137, 3238342.228061953, -1719509854048011.5, -3391519.883427506, 7567802.181100736, 2.223003381677246e+37], [-1.8157564775190085e+38, 2.4014641399485804e+37, 4.864606906128188e+36, -5.050806273847697e+45, -1.1360122678606372e+37, 2.2230033816772455e+37, 7.40101988866491e+67]]
sigma_dmb
from cov matrix =
1.0357720047154241e-33
relative_bulk_velocity =
30.0
2-sigma zack's method =
1.609660338628078e-33