n-power=
-2
dm_mass=
0.001
stepsize =
4e-34
fisher matrix =
[[256435893581.12686, -29776046383.02648, -7419659687.458143, 8.808901786089398e+17, 3427601134.139993, -4228315504.6077895, -1.94162437990827e+40], [-29776046383.026478, 8336506467.93758, 1028124901.3589946, 4043700566583479.0, 103003744.05470017, 419134005.55432063, -2.1854004659325476e+40], [-7419659687.458142, 1028124901.3589945, 357984694.2885425, -3.212505776823924e+16, -128414122.21582194, 116732473.65778747, 2.4155881328561826e+39], [8.808901786089398e+17, 4043700566583473.0, -3.212505776823924e+16, 7.747932644628702e+24, 2.952788095956414e+16, -2.2729754413791104e+16, -8.42498644112988e+47], [3427601134.139993, 103003744.05470017, -128414122.21582194, 2.952788095956414e+16, 122740777.63268231, -77727013.48449327, -3.8409714477351265e+39], [-4228315504.6077895, 419134005.55432063, 116732473.65778747, -2.2729754413791104e+16, -77727013.48449329, 100292993.05216442, 8.533902408559663e+38], [-1.9416243799082696e+40, -2.1854004659325476e+40, 2.4155881328561826e+39, -8.42498644112988e+47, -3.8409714477351265e+39, 8.533902408559663e+38, 1.8170322937555767e+71]]
sigma_dmb
from cov matrix =
1.5753887697248853e-35
2-sigma =
3.9069641489177156e-35
2-sigma zack's method =
2.451690021774506e-35