n-power=
-2
dm_mass=
0.0001
stepsize =
3e-35
fisher matrix =
[[256435893581.12686, -29776046383.02648, -7419659687.458143, 8.808901786089398e+17, 3427601134.139993, -4228315504.6077895, -1.9116739558073015e+40], [-29776046383.026478, 8336506467.93758, 1028124901.3589946, 4043700566583479.0, 103003744.05470017, 419134005.55432063, -2.3135401087859326e+40], [-7419659687.458142, 1028124901.3589945, 357984694.2885425, -3.212505776823924e+16, -128414122.21582194, 116732473.65778747, 2.509314456197381e+39], [8.808901786089398e+17, 4043700566583473.0, -3.212505776823924e+16, 7.747932644628702e+24, 2.952788095956414e+16, -2.2729754413791104e+16, -8.795272180979108e+47], [3427601134.139993, 103003744.05470017, -128414122.21582194, 2.952788095956414e+16, 122740777.63268231, -77727013.48449327, -4.0211424275199386e+39], [-4228315504.6077895, 419134005.55432063, 116732473.65778747, -2.2729754413791104e+16, -77727013.48449329, 100292993.05216442, 8.658496784436673e+38], [-1.9116739558073015e+40, -2.3135401087859326e+40, 2.509314456197381e+39, -8.795272180979108e+47, -4.0211424275199386e+39, 8.658496784436673e+38, 2.0136931809945148e+71]]
sigma_dmb
from cov matrix =
1.4447040728182057e-35
2-sigma =
3.58286610058915e-35
2-sigma zack's method =
2.2473736516479068e-35