n-power=
-2
dm_mass=
1e-05
stepsize =
3.035786553761644e-35
fisher matrix =
[[256435893581.12686, -29776046383.02648, -7419659687.458143, 8.808901786089398e+17, 3427601134.139993, -4228315504.6077895, -1.9114175404833014e+40], [-29776046383.026478, 8336506467.93758, 1028124901.3589946, 4043700566583479.0, 103003744.05470017, 419134005.55432063, -2.3135441817828086e+40], [-7419659687.458142, 1028124901.3589945, 357984694.2885425, -3.212505776823924e+16, -128414122.21582194, 116732473.65778747, 2.509322692807249e+39], [8.808901786089398e+17, 4043700566583473.0, -3.212505776823924e+16, 7.747932644628702e+24, 2.952788095956414e+16, -2.2729754413791104e+16, -8.799967099495347e+47], [3427601134.139993, 103003744.05470017, -128414122.21582194, 2.952788095956414e+16, 122740777.63268231, -77727013.48449327, -4.022675140868286e+39], [-4228315504.6077895, 419134005.55432063, 116732473.65778747, -2.2729754413791104e+16, -77727013.48449329, 100292993.05216442, 8.677890295782175e+38], [-1.9114175404833014e+40, -2.3135441817828086e+40, 2.5093226928072483e+39, -8.799967099495347e+47, -4.022675140868286e+39, 8.677890295782175e+38, 2.0139966445597603e+71]]
sigma_dmb
from cov matrix =
1.4508532642755816e-35
2-sigma =
3.5981160954034423e-35
2-sigma zack's method =
2.257200340337907e-35