n-power=
6
dm_mass=
1000
stepsize =
0.006354625877794253
fisher matrix =
[[40312360224.58108, -7366609584.176529, -1401873947.8174148, 1.491573327577693e+17, 482628117.2138655, -885331362.3243467, 1757340655.2177594], [-7366609584.176529, 3798357948.6697364, 215942365.4393903, 3.954022658174082e+16, 218693135.9005992, 110011232.10191569, -2160744020.4498663], [-1401873947.8174148, 215942365.4393903, 105892441.6132205, -1.0290655695388452e+16, -39757253.66155561, 29283834.743676975, 118523723.64075008], [1.491573327577693e+17, 3.954022658174082e+16, -1.0290655695388452e+16, 3.48994274287534e+24, 1.2954463850662194e+16, -7974749921315457.0, -5.394291374322789e+16], [482628117.2138655, 218693135.90059918, -39757253.6615556, 1.2954463850662194e+16, 54128867.473838836, -23056707.692575853, -272017639.5970834], [-885331362.3243469, 110011232.10191569, 29283834.743676975, -7974749921315457.0, -23056707.692575853, 35076981.51054808, -2615117.713613022], [1757340655.2177594, -2160744020.4498663, 118523723.64075008, -5.394291374322789e+16, -272017639.5970834, -2615117.713613022, 2273007684.862025]]
sigma_dmb
from cov matrix =
6.489369424530412e-05
2-sigma =
0.00016093636172835423
2-sigma zack's method =
0.00010099884576855477