n-power=
6
dm_mass=
100
stepsize =
0.0002904624438160811
fisher matrix =
[[40312360224.58108, -7366609584.176529, -1401873947.8174148, 1.491573327577693e+17, 482628117.2138655, -885331362.3243467, 23211651538.292534], [-7366609584.176529, 3798357948.6697364, 215942365.4393903, 3.954022658174082e+16, 218693135.9005992, 110011232.10191569, -28650057541.425503], [-1401873947.8174148, 215942365.4393903, 105892441.6132205, -1.0290655695388452e+16, -39757253.66155561, 29283834.743676975, 1575128552.0016556], [1.491573327577693e+17, 3.954022658174082e+16, -1.0290655695388452e+16, 3.48994274287534e+24, 1.2954463850662194e+16, -7974749921315457.0, -7.159223161587383e+17], [482628117.2138655, 218693135.90059918, -39757253.6615556, 1.2954463850662194e+16, 54128867.473838836, -23056707.692575853, -3612166116.141552], [-885331362.3243469, 110011232.10191569, 29283834.743676975, -7974749921315457.0, -23056707.692575853, 35076981.51054808, -32128354.043486703], [23211651538.292534, -28650057541.425503, 1575128552.0016556, -7.159223161587383e+17, -3612166116.141552, -32128354.0434867, 402209533528.97876]]
sigma_dmb
from cov matrix =
4.803392958128153e-06
2-sigma =
1.191241453615782e-05
2-sigma zack's method =
