n-power=
6
dm_mass=
1
stepsize =
8e-07
fisher matrix =
[[40312360224.58108, -7366609584.176529, -1401873947.8174148, 1.491573327577693e+17, 482628117.2138655, -885331362.3243467, 6604803673063.674], [-7366609584.176529, 3798357948.6697364, 215942365.4393903, 3.954022658174082e+16, 218693135.9005992, 110011232.10191569, -8185528121292.41], [-1401873947.8174148, 215942365.4393903, 105892441.6132205, -1.0290655695388452e+16, -39757253.66155561, 29283834.743676975, 451222777478.74615], [1.491573327577693e+17, 3.954022658174082e+16, -1.0290655695388452e+16, 3.48994274287534e+24, 1.2954463850662194e+16, -7974749921315457.0, -2.0476534379341113e+20], [482628117.2138655, 218693135.90059918, -39757253.6615556, 1.2954463850662194e+16, 54128867.473838836, -23056707.692575853, -1033892117847.24], [-885331362.3243469, 110011232.10191569, 29283834.743676975, -7974749921315457.0, -23056707.692575853, 35076981.51054808, -8320422429.453464], [6604803673063.674, -8185528121292.41, 451222777478.74615, -2.0476534379341113e+20, -1033892117847.24, -8320422429.453464, 3.311117957154288e+16]]
sigma_dmb
from cov matrix =
1.6416293039067185e-08
2-sigma =
4.071240673688662e-08
2-sigma zack's method =
2.5567237983320538e-08