n-power=
4
dm_mass=
0.0001
stepsize =
2e-20
fisher matrix =
[[284362037.19206256, -61086726.054757796, -18904912.304765932, 660235237313579.9, 2919382.78371493, -2985222.7749991296, 4.143980920040439e+22], [-61086726.054757796, 33651904.87117702, 7557647.303901125, -1286064393972441.8, -1300159.4582788798, 5683688.761948171, -1.9059058763428883e+22], [-18904912.304765932, 7557647.303901124, 1960272.553235516, -177956917578802.22, -308261.1829881083, 780914.3358875404, -3.554502985762086e+21], [660235237313579.5, -1286064393972442.0, -177956917578802.22, 1.7644623170536467e+23, 181966362220375.66, -774356517599389.9, 2.8350314870969984e+30], [2919382.7837149296, -1300159.4582788798, -308261.1829881083, 181966362220375.7, 404742.9463836094, -808459.3674487228, 5.025175658327685e+21], [-2985222.7749991287, 5683688.761948171, 780914.3358875402, -774356517599389.9, -808459.3674487228, 3468075.5582776787, -1.2539571944345334e+22], [4.143980920040438e+22, -1.9059058763428883e+22, -3.5545029857620866e+21, 2.8350314870969984e+30, 5.025175658327685e+21, -1.2539571944345334e+22, 8.841017636670216e+37]]
sigma_dmb
from cov matrix =
2.383489532904027e-19
2-sigma =
3.7070832840181606e-19