n-power=
4
dm_mass=
0.001
stepsize =
1.0669676460233537e-16
fisher matrix =
[[284377286.72229683, -61111739.97848561, -18903101.7183825, 659035207608472.6, 2920622.7412721864, -2985218.817921303, 4.003450992400981e+20], [-61111739.97848561, 33698251.599707045, 7554156.015874816, -1283699460265280.8, -1303214.3461170702, 5683680.867815896, -1.9485186038183474e+20], [-18903101.7183825, 7554156.015874814, 1960538.6689072843, -178138296989380.5, -308013.71297867515, 780914.9433835647, -3.770853001759797e+19], [659035207608472.5, -1283699460265280.5, -178138296989380.5, 1.765702646382906e+23, 181792419590992.0, -774356933770897.8, 2.686326035696323e+28], [2920622.7412721864, -1303214.3461170702, -308013.7129786752, 181792419590992.03, 405041.79634023824, -808458.7752435027, 4.63409078903319e+19], [-2985218.817921303, 5683680.867815897, 780914.9433835647, -774356933770897.8, -808458.7752435027, 3468075.559675429, -1.1847364809858151e+20], [4.0034509924009804e+20, -1.9485186038183474e+20, -3.770853001759797e+19, 2.686326035696323e+28, 4.634090789033191e+19, -1.1847364809858151e+20, 6.54524494908796e+33]]
sigma_dmb
from cov matrix =
3.941874420096685e-17
2-sigma =
6.133218292776665e-17