n-power=
4
dm_mass=
0.01
stepsize =
1.8973665961010275e-15
fisher matrix =
[[284377286.72229683, -61111739.97848561, -18903101.7183825, 659035207608472.6, 2920622.7412721864, -2985218.817921303, 3.4988972294832456e+18], [-61111739.97848561, 33698251.599707045, 7554156.015874816, -1283699460265280.8, -1303214.3461170702, 5683680.867815896, -1.6357799970389622e+18], [-18903101.7183825, 7554156.015874814, 1960538.6689072843, -178138296989380.5, -308013.71297867515, 780914.9433835647, -3.124594427317864e+17], [659035207608472.5, -1283699460265280.5, -178138296989380.5, 1.765702646382906e+23, 181792419590992.0, -774356933770897.8, 2.3358149604870064e+26], [2920622.7412721864, -1303214.3461170702, -308013.7129786752, 181792419590992.03, 405041.79634023824, -808458.7752435027, 4.0993083992508416e+17], [-2985218.817921303, 5683680.867815897, 780914.9433835647, -774356933770897.8, -808458.7752435027, 3468075.559675429, -1.0316636808968458e+18], [3.498897229483246e+18, -1.6357799970389622e+18, -3.124594427317864e+17, 2.335814960487006e+26, 4.099308399250841e+17, -1.0316636808968458e+18, 5.3830053948831545e+29]]
sigma_dmb
from cov matrix =
3.667989807199719e-15
2-sigma =
5.706388168130002e-15