n-power=
4
dm_mass=
0.1
stepsize =
3.374047951142095e-14
fisher matrix =
[[284377286.72229683, -61111739.97848561, -18903101.7183825, 659035207608472.6, 2920622.7412721864, -2985218.817921303, 3.70366142328641e+16], [-61111739.97848561, 33698251.599707045, 7554156.015874816, -1283699460265280.8, -1303214.3461170702, 5683680.867815896, -1.7523074387659306e+16], [-18903101.7183825, 7554156.015874814, 1960538.6689072843, -178138296989380.5, -308013.71297867515, 780914.9433835647, -3303239310289234.5], [659035207608472.5, -1283699460265280.5, -178138296989380.5, 1.765702646382906e+23, 181792419590992.0, -774356933770897.8, 2.495172329019064e+24], [2920622.7412721864, -1303214.3461170702, -308013.7129786752, 181792419590992.03, 405041.79634023824, -808458.7752435027, 4372403469229344.5], [-2985218.817921303, 5683680.867815897, 780914.9433835647, -774356933770897.8, -808458.7752435027, 3468075.559675429, -1.1036204437162362e+16], [3.703661423286409e+16, -1.7523074387659306e+16, -3303239310289234.5, 2.495172329019064e+24, 4372403469229344.5, -1.1036204437162362e+16, 6.422936347283752e+25]]
sigma_dmb
from cov matrix =
3.009948611492155e-13
2-sigma =
4.682119532732636e-13