n-power=
4
dm_mass=
1000
stepsize =
3.3740479511420946e-09
fisher matrix =
[[284305362.34122974, -61011380.79661474, -18909870.63770958, 663310422725675.9, 2918834.7763865334, -2985232.5376811167, 1290007693686.4788], [-61011380.79661473, 33544652.913486823, 7564943.644878147, -1290696407249238.0, -1297922.3108012574, 5683703.67362347, -672560271807.7427], [-18909870.63770958, 7564943.644878147, 1959768.6381527386, -177633700833382.7, -308460.13796005264, 780913.2891246994, -141397002192.9817], [663310422725676.0, -1290696407249238.0, -177633700833382.66, 1.762373734403774e+23, 182114320142771.88, -774355838333228.1, 6.036117812461458e+19], [2918834.776386533, -1297922.3108012574, -308460.13796005264, 182114320142771.88, 404393.97181107197, -808459.8843466316, 96331747768.18483], [-2985232.537681117, 5683703.67362347, 780913.2891246995, -774355838333228.1, -808459.8843466315, 3468075.5560632213, -265596634257.85187], [1290007693686.4785, -672560271807.7427, -141397002192.9817, 6.036117812461458e+19, 96331747768.18483, -265596634257.8519, 3.151121544677424e+16]]
sigma_dmb
from cov matrix =
1.9798261512492424e-08
2-sigma =
3.081569588884412e-08