n-power=
4
dm_mass=
100
stepsize =
1.8973665961010278e-10
fisher matrix =
[[284377286.72229683, -61111739.97848561, -18903101.7183825, 659035207608472.6, 2920622.7412721864, -2985218.817921303, 13882179569756.06], [-61111739.97848561, 33698251.599707045, 7554156.015874816, -1283699460265280.8, -1303214.3461170702, 5683680.867815896, -7248842615906.182], [-18903101.7183825, 7554156.015874814, 1960538.6689072843, -178138296989380.5, -308013.71297867515, 780914.9433835647, -1481029188430.7256], [659035207608472.5, -1283699460265280.5, -178138296989380.5, 1.765702646382906e+23, 181792419590992.0, -774356933770897.8, 6.590483825993886e+20], [2920622.7412721864, -1303214.3461170702, -308013.7129786752, 181792419590992.03, 405041.79634023824, -808458.7752435027, 1067230191724.5214], [-2985218.817921303, 5683680.867815897, 780914.9433835647, -774356933770897.8, -808458.7752435027, 3468075.559675429, -2921353920282.1377], [13882179569756.06, -7248842615906.182, -1481029188430.7256, 6.590483825993886e+20, 1067230191724.5214, -2921353920282.1377, 4.2291362678344586e+18]]
sigma_dmb
from cov matrix =
1.219080695050723e-09
2-sigma =
1.8963257536144026e-09