n-power=
4
dm_mass=
1e-05
stepsize =
2e-22
fisher matrix =
[[284362037.19206256, -61086726.054757796, -18904912.304765932, 660235237313579.9, 2919382.78371493, -2985222.7749991296, 5.074014595986202e+24], [-61086726.054757796, 33651904.87117702, 7557647.303901125, -1286064393972441.8, -1300159.4582788798, 5683688.761948171, -2.3527305767994974e+24], [-18904912.304765932, 7557647.303901124, 1960272.553235516, -177956917578802.22, -308261.1829881083, 780914.3358875404, -4.370028154236806e+23], [660235237313579.5, -1286064393972442.0, -177956917578802.22, 1.7644623170536467e+23, 181966362220375.66, -774356517599389.9, 3.487087524140969e+32], [2919382.7837149296, -1300159.4582788798, -308261.1829881083, 181966362220375.7, 404742.9463836094, -808459.3674487228, 6.178816254141303e+23], [-2985222.7749991287, 5683688.761948171, 780914.3358875402, -774356517599389.9, -808459.3674487228, 3468075.5582776787, -1.5430201553541501e+24], [5.074014595986202e+24, -2.3527305767994974e+24, -4.370028154236806e+23, 3.487087524140969e+32, 6.178816254141304e+23, -1.5430201553541507e+24, 1.3493527137738085e+42]]
sigma_dmb
from cov matrix =
1.902185506804483e-21
2-sigma =
2.9578793851660076e-21