n-power=
4
dm_mass=
1
stepsize =
6e-13
fisher matrix =
[[284377286.72229683, -61111739.97848561, -18903101.7183825, 659035207608472.6, 2920622.7412721864, -2985218.817921303, 1465798329116571.2], [-61111739.97848561, 33698251.599707045, 7554156.015874816, -1283699460265280.8, -1303214.3461170702, 5683680.867815896, -736425880377851.1], [-18903101.7183825, 7554156.015874814, 1960538.6689072843, -178138296989380.5, -308013.71297867515, 780914.9433835647, -144227912900211.06], [659035207608472.5, -1283699460265280.5, -178138296989380.5, 1.765702646382906e+23, 181792419590992.0, -774356933770897.8, 8.5786293705472e+22], [2920622.7412721864, -1303214.3461170702, -308013.7129786752, 181792419590992.03, 405041.79634023824, -808458.7752435027, 145362812184075.97], [-2985218.817921303, 5683680.867815897, 780914.9433835647, -774356933770897.8, -808458.7752435027, 3468075.559675429, -379801084541829.6], [1465798329116571.2, -736425880377851.1, -144227912900211.06, 8.578629370547198e+22, 145362812184075.94, -379801084541829.6, 7.241538815953643e+22]]
sigma_dmb
from cov matrix =
9.042816346197046e-12
2-sigma =
1.4073104516624915e-11