n-power=
0
dm_mass=
0.01
stepsize =
1.0023744672545445e-26
fisher matrix =
[[256435893581.12686, -29776046383.02648, -7419659687.458143, 8.808901786089398e+17, 3427601134.139993, -4228315504.6077895, 1.4665254726429528e+33], [-29776046383.026478, 8336506467.93758, 1028124901.3589946, 4043700566583479.0, 103003744.05470017, 419134005.55432063, -2.656209897063201e+33], [-7419659687.458142, 1028124901.3589945, 357984694.2885425, -3.212505776823924e+16, -128414122.21582194, 116732473.65778747, 1.656152694659844e+32], [8.808901786089398e+17, 4043700566583473.0, -3.212505776823924e+16, 7.747932644628702e+24, 2.952788095956414e+16, -2.2729754413791104e+16, -7.1367217944268125e+40], [3427601134.139993, 103003744.05470017, -128414122.21582194, 2.952788095956414e+16, 122740777.63268231, -77727013.48449327, -3.510368499638088e+32], [-4228315504.6077895, 419134005.55432063, 116732473.65778747, -2.2729754413791104e+16, -77727013.48449329, 100292993.05216442, 1.1657529161721343e+31], [1.4665254726429528e+33, -2.656209897063201e+33, 1.6561526946598435e+32, -7.1367217944268125e+40, -3.510368499638088e+32, 1.1657529161721343e+31, 2.1499477430917727e+57]]
sigma_dmb
from cov matrix =
7.818828134752636e-29
2-sigma =
1.9390693774186539e-28
2-sigma zack's method =
1.2169678590822505e-28