n-power=
0
dm_mass=
0.1
stepsize =
1.415891568768276e-26
fisher matrix =
[[256435893581.12686, -29776046383.02648, -7419659687.458143, 8.808901786089398e+17, 3427601134.139993, -4228315504.6077895, 7.244092292285465e+32], [-29776046383.026478, 8336506467.93758, 1028124901.3589946, 4043700566583479.0, 103003744.05470017, 419134005.55432063, -1.5466651296143822e+33], [-7419659687.458142, 1028124901.3589945, 357984694.2885425, -3.212505776823924e+16, -128414122.21582194, 116732473.65778747, 1.006088612816485e+32], [8.808901786089398e+17, 4043700566583473.0, -3.212505776823924e+16, 7.747932644628702e+24, 2.952788095956414e+16, -2.2729754413791104e+16, -4.254410540770905e+40], [3427601134.139993, 103003744.05470017, -128414122.21582194, 2.952788095956414e+16, 122740777.63268231, -77727013.48449327, -2.0811264375665246e+32], [-4228315504.6077895, 419134005.55432063, 116732473.65778747, -2.2729754413791104e+16, -77727013.48449329, 100292993.05216442, 9.682549228402331e+30], [7.244092292285465e+32, -1.5466651296143822e+33, 1.0060886128164848e+32, -4.254410540770905e+40, -2.0811264375665246e+32, 9.68254922840233e+30, 7.347185484119214e+56]]
sigma_dmb
from cov matrix =
1.3890665025889528e-28
2-sigma =
3.444884926420603e-28
2-sigma zack's method =
2.16117476071187e-28