n-power=
0
dm_mass=
1000
stepsize =
5.636765862528908e-26
fisher matrix =
[[256435893581.12686, -29776046383.02648, -7419659687.458143, 8.808901786089398e+17, 3427601134.139993, -4228315504.6077895, 3.3692500566243154e+29], [-29776046383.026478, 8336506467.93758, 1028124901.3589946, 4043700566583479.0, 103003744.05470017, 419134005.55432063, -1.212911941704466e+30], [-7419659687.458142, 1028124901.3589945, 357984694.2885425, -3.212505776823924e+16, -128414122.21582194, 116732473.65778747, 8.672094554238162e+28], [8.808901786089398e+17, 4043700566583473.0, -3.212505776823924e+16, 7.747932644628702e+24, 2.952788095956414e+16, -2.2729754413791104e+16, -3.5026974061965503e+37], [3427601134.139993, 103003744.05470017, -128414122.21582194, 2.952788095956414e+16, 122740777.63268231, -77727013.48449327, -1.701646046059576e+29], [-4228315504.6077895, 419134005.55432063, 116732473.65778747, -2.2729754413791104e+16, -77727013.48449329, 100292993.05216442, 1.2320539482379253e+28], [3.3692500566243154e+29, -1.212911941704466e+30, 8.672094554238162e+28, -3.5026974061965503e+37, -1.701646046059576e+29, 1.2320539482379253e+28, 4.676228676030159e+50]]
sigma_dmb
from cov matrix =
1.7999306527214887e-25
2-sigma =
4.463828018749292e-25
2-sigma zack's method =
2.8013214374291365e-25