n-power=
0
dm_mass=
100
stepsize =
3.990524629937759e-26
fisher matrix =
[[256435893581.12686, -29776046383.02648, -7419659687.458143, 8.808901786089398e+17, 3427601134.139993, -4228315504.6077895, 4.777416512315178e+30], [-29776046383.026478, 8336506467.93758, 1028124901.3589946, 4043700566583479.0, 103003744.05470017, 419134005.55432063, -1.2142657727799757e+31], [-7419659687.458142, 1028124901.3589945, 357984694.2885425, -3.212505776823924e+16, -128414122.21582194, 116732473.65778747, 8.190244908626721e+29], [8.808901786089398e+17, 4043700566583473.0, -3.212505776823924e+16, 7.747932644628702e+24, 2.952788095956414e+16, -2.2729754413791104e+16, -3.4086493251542e+38], [3427601134.139993, 103003744.05470017, -128414122.21582194, 2.952788095956414e+16, 122740777.63268231, -77727013.48449327, -1.659902446453102e+30], [-4228315504.6077895, 419134005.55432063, 116732473.65778747, -2.2729754413791104e+16, -77727013.48449329, 100292993.05216442, 9.616663330939834e+28], [4.777416512315177e+30, -1.2142657727799757e+31, 8.190244908626721e+29, -3.4086493251542e+38, -1.659902446453102e+30, 9.616663330939834e+28, 4.5684366386251966e+52]]
sigma_dmb
from cov matrix =
1.809502456594346e-26
2-sigma =
4.487566092353978e-26
2-sigma zack's method =
2.8171485460239354e-26