n-power=
0
dm_mass=
10
stepsize =
2.8250750892455087e-26
fisher matrix =
[[256435893581.12686, -29776046383.02648, -7419659687.458143, 8.808901786089398e+17, 3427601134.139993, -4228315504.6077895, 4.253227922126802e+31], [-29776046383.026478, 8336506467.93758, 1028124901.3589946, 4043700566583479.0, 103003744.05470017, 419134005.55432063, -1.1117140945848602e+32], [-7419659687.458142, 1028124901.3589945, 357984694.2885425, -3.212505776823924e+16, -128414122.21582194, 116732473.65778747, 7.540860479455765e+30], [8.808901786089398e+17, 4043700566583473.0, -3.212505776823924e+16, 7.747932644628702e+24, 2.952788095956414e+16, -2.2729754413791104e+16, -3.129883887921756e+39], [3427601134.139993, 103003744.05470017, -128414122.21582194, 2.952788095956414e+16, 122740777.63268231, -77727013.48449327, -1.5234870145189897e+31], [-4228315504.6077895, 419134005.55432063, 116732473.65778747, -2.2729754413791104e+16, -77727013.48449329, 100292993.05216442, 9.058640068878413e+29], [4.253227922126802e+31, -1.1117140945848602e+32, 7.540860479455765e+30, -3.129883887921756e+39, -1.5234870145189897e+31, 9.058640068878413e+29, 3.835370634691949e+54]]
sigma_dmb
from cov matrix =
1.9854351475945193e-27
2-sigma =
4.9238791660344076e-27
2-sigma zack's method =
3.0882632558802883e-27