n-power=
0
dm_mass=
1e-05
stepsize =
2e-27
fisher matrix =
[[256435893581.12686, -29776046383.02648, -7419659687.458143, 8.808901786089398e+17, 3427601134.139993, -4228315504.6077895, 8.91870419749929e+33], [-29776046383.026478, 8336506467.93758, 1028124901.3589946, 4043700566583479.0, 103003744.05470017, 419134005.55432063, -1.4280760891596138e+34], [-7419659687.458142, 1028124901.3589945, 357984694.2885425, -3.212505776823924e+16, -128414122.21582194, 116732473.65778747, 8.567605251828043e+32], [8.808901786089398e+17, 4043700566583473.0, -3.212505776823924e+16, 7.747932644628702e+24, 2.952788095956414e+16, -2.2729754413791104e+16, -3.7566859674858055e+41], [3427601134.139993, 103003744.05470017, -128414122.21582194, 2.952788095956414e+16, 122740777.63268231, -77727013.48449327, -1.8572387309901862e+33], [-4228315504.6077895, 419134005.55432063, 116732473.65778747, -2.2729754413791104e+16, -77727013.48449329, 100292993.05216442, 3.9059103404310814e+31], [8.91870419749929e+33, -1.4280760891596138e+34, 8.567605251828043e+32, -3.7566859674858055e+41, -1.8572387309901862e+33, 3.9059103404310814e+31, 6.171463728223435e+58]]
sigma_dmb
from cov matrix =
1.4163012573692845e-29
2-sigma =
3.512427118275826e-29
2-sigma zack's method =
2.2040782832861224e-29