n-power=
0
dm_mass=
1
stepsize =
2e-26
fisher matrix =
[[256435893581.12686, -29776046383.02648, -7419659687.458143, 8.808901786089398e+17, 3427601134.139993, -4228315504.6077895, 2.555391168101257e+32], [-29776046383.026478, 8336506467.93758, 1028124901.3589946, 4043700566583479.0, 103003744.05470017, 419134005.55432063, -6.470268273132048e+32], [-7419659687.458142, 1028124901.3589945, 357984694.2885425, -3.212505776823924e+16, -128414122.21582194, 116732473.65778747, 4.361789323629286e+31], [8.808901786089398e+17, 4043700566583473.0, -3.212505776823924e+16, 7.747932644628702e+24, 2.952788095956414e+16, -2.2729754413791104e+16, -1.8156713531062293e+40], [3427601134.139993, 103003744.05470017, -128414122.21582194, 2.952788095956414e+16, 122740777.63268231, -77727013.48449327, -8.841720683304163e+31], [-4228315504.6077895, 419134005.55432063, 116732473.65778747, -2.2729754413791104e+16, -77727013.48449329, 100292993.05216442, 5.098695707944965e+30], [2.555391168101257e+32, -6.470268273132048e+32, 4.361789323629286e+31, -1.8156713531062293e+40, -8.841720683304163e+31, 5.098695707944965e+30, 1.2954839814434397e+56]]
sigma_dmb
from cov matrix =
3.420039865180982e-28
2-sigma =
8.481698865648835e-28
2-sigma zack's method =
5.321011661968997e-28