n-power=
4.0
dm_mass=
0.001
stepsize =
1.0669676460233537e-16
fisher matrix =
[[2736283199.4857717, -778985595.7567207, -120185038.06638263, 1.122504304505587e+16, 24574952.619128216, -83105993.71418627, 7.356994676330875e+22], [-778985595.7567207, 520774330.89424217, 31093915.181434195, 5051753345702350.0, 23317011.490936704, 17953947.49327118, -7.241578242321994e+22], [-120185038.06638259, 31093915.181434195, 14594610.25926799, -1485326948475107.8, -3999740.3385885605, 4076361.530950619, 3.5644246663810887e+21], [1.122504304505587e+16, 5051753345702351.0, -1485326948475107.8, 7.8780813142992e+23, 1866704728007795.5, -2267576237984734.0, -1.7509512874734216e+30], [24574952.619128216, 23317011.490936704, -3999740.3385885605, 1866704728007795.5, 5491250.0186922895, -4289338.713471742, -6.93291631160371e+21], [-83105993.71418627, 17953947.49327118, 4076361.530950619, -2267576237984734.5, -4289338.713471742, 9751449.471582353, -7.422040592359763e+20], [7.356994676330875e+22, -7.241578242321994e+22, 3.5644246663810887e+21, -1.7509512874734216e+30, -6.93291631160371e+21, -7.422040592359763e+20, 1.7902258233777371e+37]]
sigma_dmeff
from cov matrix =
7.118965510382685e-19
2-sigma =
1.7655034465749057e-18
2-sigma zack's method =
1.1078275447308897e-18