n-power=
4.0
dm_mass=
0.01
stepsize =
1.8973665961010275e-15
fisher matrix =
[[2736283199.4857717, -778985595.7567207, -120185038.06638263, 1.122504304505587e+16, 24574952.619128216, -83105993.71418627, 1.4911169850452235e+21], [-778985595.7567207, 520774330.89424217, 31093915.181434195, 5051753345702350.0, 23317011.490936704, 17953947.49327118, -1.5717766898231025e+21], [-120185038.06638259, 31093915.181434195, 14594610.25926799, -1485326948475107.8, -3999740.3385885605, 4076361.530950619, 8.372915607060331e+19], [1.122504304505587e+16, 5051753345702351.0, -1485326948475107.8, 7.8780813142992e+23, 1866704728007795.5, -2267576237984734.0, -4.058405321402899e+28], [24574952.619128216, 23317011.490936704, -3999740.3385885605, 1866704728007795.5, 5491250.0186922895, -4289338.713471742, -1.5961963541170648e+20], [-83105993.71418627, 17953947.49327118, 4076361.530950619, -2267576237984734.5, -4289338.713471742, 9751449.471582353, -6.762198263210738e+18], [1.4911169850452235e+21, -1.5717766898231025e+21, 8.372915607060331e+19, -4.058405321402899e+28, -1.5961963541170648e+20, -6.762198263210739e+18, 9.254900332488413e+33]]
sigma_dmeff
from cov matrix =
2.6815860123572433e-17
2-sigma =
6.650333310645964e-17
2-sigma zack's method =
4.170739103362768e-17