n-power=
4.0
dm_mass=
0.1
stepsize =
3.374047951142095e-14
fisher matrix =
[[2736283199.4857717, -778985595.7567207, -120185038.06638263, 1.122504304505587e+16, 24574952.619128216, -83105993.71418627, 2.575528592275966e+19], [-778985595.7567207, 520774330.89424217, 31093915.181434195, 5051753345702350.0, 23317011.490936704, 17953947.49327118, -2.783766626024191e+19], [-120185038.06638259, 31093915.181434195, 14594610.25926799, -1485326948475107.8, -3999740.3385885605, 4076361.530950619, 1.5178984812138934e+18], [1.122504304505587e+16, 5051753345702351.0, -1485326948475107.8, 7.8780813142992e+23, 1866704728007795.5, -2267576237984734.0, -7.336009040917318e+26], [24574952.619128216, 23317011.490936704, -3999740.3385885605, 1866704728007795.5, 5491250.0186922895, -4289338.713471742, -2.8852162160868127e+18], [-83105993.71418627, 17953947.49327118, 4076361.530950619, -2267576237984734.5, -4289338.713471742, 9751449.471582353, -6.413401062045196e+16], [2.575528592275966e+19, -2.783766626024191e+19, 1.5178984812138934e+18, -7.336009040917318e+26, -2.8852162160868127e+18, -6.413401062045196e+16, 3.0368312114732483e+30]]
sigma_dmeff
from cov matrix =
1.38379869765172e-15
2-sigma =
3.4318207701762655e-15
2-sigma zack's method =
2.1528845308457997e-15