n-power=
4.0
dm_mass=
1000
stepsize =
3.3740479511420946e-09
fisher matrix =
[[2736283199.4857717, -778985595.7567207, -120185038.06638263, 1.122504304505587e+16, 24574952.619128216, -83105993.71418627, 368671570117248.4], [-778985595.7567207, 520774330.89424217, 31093915.181434195, 5051753345702350.0, 23317011.490936704, 17953947.49327118, -393622169947846.94], [-120185038.06638259, 31093915.181434195, 14594610.25926799, -1485326948475107.8, -3999740.3385885605, 4076361.530950619, 21080397028123.14], [1.122504304505587e+16, 5051753345702351.0, -1485326948475107.8, 7.8780813142992e+23, 1866704728007795.5, -2267576237984734.0, -1.0248036179796296e+22], [24574952.619128216, 23317011.490936704, -3999740.3385885605, 1866704728007795.5, 5491250.0186922895, -4289338.713471742, -40269029127115.19], [-83105993.71418627, 17953947.49327118, 4076361.530950619, -2267576237984734.5, -4289338.713471742, 9751449.471582353, -1353201375659.267], [368671570117248.4, -393622169947846.94, 21080397028123.14, -1.0248036179796296e+22, -40269029127115.19, -1353201375659.267, 5.868346570194093e+20]]
sigma_dmeff
from cov matrix =
1.0462592612269465e-10
2-sigma =
2.5947229678428273e-10
2-sigma zack's method =
1.6284618139384281e-10