n-power=
4.0
dm_mass=
100
stepsize =
1.8973665961010278e-10
fisher matrix =
[[2736283199.4857717, -778985595.7567207, -120185038.06638263, 1.122504304505587e+16, 24574952.619128216, -83105993.71418627, 4411003377542285.0], [-778985595.7567207, 520774330.89424217, 31093915.181434195, 5051753345702350.0, 23317011.490936704, 17953947.49327118, -4728992453677321.0], [-120185038.06638259, 31093915.181434195, 14594610.25926799, -1485326948475107.8, -3999740.3385885605, 4076361.530950619, 254517242722123.56], [1.122504304505587e+16, 5051753345702351.0, -1485326948475107.8, 7.8780813142992e+23, 1866704728007795.5, -2267576237984734.0, -1.2358313889539977e+23], [24574952.619128216, 23317011.490936704, -3999740.3385885605, 1866704728007795.5, 5491250.0186922895, -4289338.713471742, -485735002131926.2], [-83105993.71418627, 17953947.49327118, 4076361.530950619, -2267576237984734.5, -4289338.713471742, 9751449.471582353, -14549103137706.668], [4411003377542285.0, -4728992453677321.0, 254517242722123.56, -1.2358313889539977e+23, -485735002131926.2, -14549103137706.668, 8.555667281006973e+22]]
sigma_dmeff
from cov matrix =
8.531276713471879e-12
2-sigma =
2.115756624941026e-11
2-sigma zack's method =
1.326709154306133e-11