n-power=
4.0
dm_mass=
10
stepsize =
1.0669676460233537e-11
fisher matrix =
[[2736283199.4857717, -778985595.7567207, -120185038.06638263, 1.122504304505587e+16, 24574952.619128216, -83105993.71418627, 5.2667737880983384e+16], [-778985595.7567207, 520774330.89424217, 31093915.181434195, 5051753345702350.0, 23317011.490936704, 17953947.49327118, -5.667524725696535e+16], [-120185038.06638259, 31093915.181434195, 14594610.25926799, -1485326948475107.8, -3999740.3385885605, 4076361.530950619, 3064339520253622.5], [1.122504304505587e+16, 5051753345702351.0, -1485326948475107.8, 7.8780813142992e+23, 1866704728007795.5, -2267576237984734.0, -1.48609242086837e+24], [24574952.619128216, 23317011.490936704, -3999740.3385885605, 1866704728007795.5, 5491250.0186922895, -4289338.713471742, -5842452944415205.0], [-83105993.71418627, 17953947.49327118, 4076361.530950619, -2267576237984734.5, -4289338.713471742, 9751449.471582353, -156075349813002.25], [5.2667737880983384e+16, -5.667524725696535e+16, 3064339520253622.5, -1.48609242086837e+24, -5842452944415205.0, -156075349813002.25, 1.2403611760054558e+25]]
sigma_dmeff
from cov matrix =
6.987294033557063e-13
2-sigma =
1.7328489203221517e-12
2-sigma zack's method =
1.0870787107456272e-12