n-power=
4.0
dm_mass=
1
stepsize =
6e-13
fisher matrix =
[[2736283199.4857717, -778985595.7567207, -120185038.06638263, 1.122504304505587e+16, 24574952.619128216, -83105993.71418627, 7.503498476966865e+17], [-778985595.7567207, 520774330.89424217, 31093915.181434195, 5051753345702350.0, 23317011.490936704, 17953947.49327118, -8.114348795415745e+17], [-120185038.06638259, 31093915.181434195, 14594610.25926799, -1485326948475107.8, -3999740.3385885605, 4076361.530950619, 4.4171516562425336e+16], [1.122504304505587e+16, 5051753345702351.0, -1485326948475107.8, 7.8780813142992e+23, 1866704728007795.5, -2267576237984734.0, -2.1375286714032423e+25], [24574952.619128216, 23317011.490936704, -3999740.3385885605, 1866704728007795.5, 5491250.0186922895, -4289338.713471742, -8.407322303964962e+16], [-83105993.71418627, 17953947.49327118, 4076361.530950619, -2267576237984734.5, -4289338.713471742, 9751449.471582353, -1879735041344008.8], [7.503498476966865e+17, -8.114348795415745e+17, 4.4171516562425336e+16, -2.1375286714032423e+25, -8.407322303964962e+16, -1879735041344008.8, 2.577843964608634e+27]]
sigma_dmeff
from cov matrix =
4.751523122643384e-14
2-sigma =
1.1783777344155591e-13
2-sigma zack's method =
7.396245346523374e-14