n-power=
0
dm_mass=
0.001
stepsize =
7.09626778467151e-27
fisher matrix =
[[40312360224.58108, -7366609584.176529, -1401873947.8174148, 1.491573327577693e+17, 482628117.2138655, -885331362.3243467, 2.2813464630089053e+33], [-7366609584.176529, 3798357948.6697364, 215942365.4393903, 3.954022658174082e+16, 218693135.9005992, 110011232.10191569, -3.056657098934165e+33], [-1401873947.8174148, 215942365.4393903, 105892441.6132205, -1.0290655695388452e+16, -39757253.66155561, 29283834.743676975, 1.7395467742306254e+32], [1.491573327577693e+17, 3.954022658174082e+16, -1.0290655695388452e+16, 3.48994274287534e+24, 1.2954463850662194e+16, -7974749921315457.0, -7.855053373936821e+40], [482628117.2138655, 218693135.90059918, -39757253.6615556, 1.2954463850662194e+16, 54128867.473838836, -23056707.692575853, -3.88544928084586e+32], [-885331362.3243469, 110011232.10191569, 29283834.743676975, -7974749921315457.0, -23056707.692575853, 35076981.51054808, 2.8072517943570144e+30], [2.2813464630089053e+33, -3.056657098934165e+33, 1.7395467742306254e+32, -7.855053373936821e+40, -3.88544928084586e+32, 2.807251794357015e+30, 4.258686925376112e+57]]
sigma_dmb
from cov matrix =
6.193412466923106e-29
2-sigma =
1.53596629179693e-28
2-sigma zack's method =
9.633292943370974e-29
