n-power=
0
dm_mass=
0.1
stepsize =
1.415891568768276e-26
fisher matrix =
[[40312360224.58108, -7366609584.176529, -1401873947.8174148, 1.491573327577693e+17, 482628117.2138655, -885331362.3243467, 7.297877619783209e+32], [-7366609584.176529, 3798357948.6697364, 215942365.4393903, 3.954022658174082e+16, 218693135.9005992, 110011232.10191569, -1.0243085693912882e+33], [-1401873947.8174148, 215942365.4393903, 105892441.6132205, -1.0290655695388452e+16, -39757253.66155561, 29283834.743676975, 5.9548251176596155e+31], [1.491573327577693e+17, 3.954022658174082e+16, -1.0290655695388452e+16, 3.48994274287534e+24, 1.2954463850662194e+16, -7974749921315457.0, -2.673293775214817e+40], [482628117.2138655, 218693135.90059918, -39757253.6615556, 1.2954463850662194e+16, 54128867.473838836, -23056707.692575853, -1.3139494533064327e+32], [-885331362.3243469, 110011232.10191569, 29283834.743676975, -7974749921315457.0, -23056707.692575853, 35076981.51054808, 2.2458066263907028e+30], [7.297877619783209e+32, -1.0243085693912882e+33, 5.9548251176596155e+31, -2.673293775214817e+40, -1.3139494533064327e+32, 2.2458066263907023e+30, 4.766368062514213e+56]]
sigma_dmb
from cov matrix =
1.9485979074577651e-28
2-sigma =
4.832522810495257e-28
2-sigma zack's method =
3.031832484452292e-28