n-power=
0
dm_mass=
1000
stepsize =
5.636765862528908e-26
fisher matrix =
[[40312360224.58108, -7366609584.176529, -1401873947.8174148, 1.491573327577693e+17, 482628117.2138655, -885331362.3243467, 5.2318149021269544e+29], [-7366609584.176529, 3798357948.6697364, 215942365.4393903, 3.954022658174082e+16, 218693135.9005992, 110011232.10191569, -8.115944351079972e+29], [-1401873947.8174148, 215942365.4393903, 105892441.6132205, -1.0290655695388452e+16, -39757253.66155561, 29283834.743676975, 4.937167201598922e+28], [1.491573327577693e+17, 3.954022658174082e+16, -1.0290655695388452e+16, 3.48994274287534e+24, 1.2954463850662194e+16, -7974749921315457.0, -2.1664091331501175e+37], [482628117.2138655, 218693135.90059918, -39757253.6615556, 1.2954463850662194e+16, 54128867.473838836, -23056707.692575853, -1.059922936707161e+29], [-885331362.3243469, 110011232.10191569, 29283834.743676975, -7974749921315457.0, -23056707.692575853, 35076981.51054808, 3.156357476178386e+27], [5.2318149021269544e+29, -8.115944351079972e+29, 4.937167201598922e+28, -2.1664091331501175e+37, -1.059922936707161e+29, 3.156357476178386e+27, 3.0272181836188416e+50]]
sigma_dmb
from cov matrix =
2.5015060437989102e-25
2-sigma =
6.203734988621297e-25
2-sigma zack's method =
3.8905359748790927e-25