n-power=
0
dm_mass=
100
stepsize =
3.990524629937759e-26
fisher matrix =
[[40312360224.58108, -7366609584.176529, -1401873947.8174148, 1.491573327577693e+17, 482628117.2138655, -885331362.3243467, 5.60308136663676e+30], [-7366609584.176529, 3798357948.6697364, 215942365.4393903, 3.954022658174082e+16, 218693135.9005992, 110011232.10191569, -8.079655165193379e+30], [-1401873947.8174148, 215942365.4393903, 105892441.6132205, -1.0290655695388452e+16, -39757253.66155561, 29283834.743676975, 4.7535427341066245e+29], [1.491573327577693e+17, 3.954022658174082e+16, -1.0290655695388452e+16, 3.48994274287534e+24, 1.2954463850662194e+16, -7974749921315457.0, -2.1268677820845376e+38], [482628117.2138655, 218693135.90059918, -39757253.6615556, 1.2954463850662194e+16, 54128867.473838836, -23056707.692575853, -1.0417329774256104e+30], [-885331362.3243469, 110011232.10191569, 29283834.743676975, -7974749921315457.0, -23056707.692575853, 35076981.51054808, 2.3485095165182213e+28], [5.60308136663676e+30, -8.079655165193379e+30, 4.7535427341066245e+29, -2.1268677820845376e+38, -1.0417329774256104e+30, 2.3485095165182218e+28, 2.9616551132723904e+52]]
sigma_dmb
from cov matrix =
2.544180447359916e-26
2-sigma =
6.309567509452591e-26
2-sigma zack's method =
3.956523840545655e-26