[[ 4.03693349e+10, -7.37886489e+09, -1.40565237e+09,
         1.49294339e+17,  4.83199639e+08, -8.85978160e+08,
         5.60322652e+30],
       [-7.37886489e+09,  3.80509726e+09,  2.17453381e+08,
         3.92822075e+16,  2.18437796e+08,  1.11155049e+08,
        -8.07967598e+30],
       [-1.40565237e+09,  2.17453381e+08,  1.06285137e+08,
        -1.03261035e+16, -3.98202119e+07,  2.94390567e+07,
         4.75336632e+29],
       [ 1.49294339e+17,  3.92822075e+16, -1.03261035e+16,
         3.52559243e+24,  1.29893540e+16, -8.13082609e+15,
        -2.12716654e+38],
       [ 4.83199639e+08,  2.18437796e+08, -3.98202119e+07,
         1.29893540e+16,  5.42164787e+07, -2.32145210e+07,
        -1.04178353e+30],
       [-8.85978160e+08,  1.11155049e+08,  2.94390567e+07,
        -8.13082609e+15, -2.32145210e+07,  3.58007251e+07,
         2.36160317e+28],
       [ 5.60322652e+30, -8.07967598e+30,  4.75336632e+29,
        -2.12716654e+38, -1.04178353e+30,  2.36160317e+28,
         2.96165993e+52]]
2 sigma:

3.846646687470709e-26