n-power=
0
dm_mass=
10
stepsize =
2.8250750892455087e-26
fisher matrix =
[[40312360224.58108, -7366609584.176529, -1401873947.8174148, 1.491573327577693e+17, 482628117.2138655, -885331362.3243467, 5.111450259405938e+31], [-7366609584.176529, 3798357948.6697364, 215942365.4393903, 3.954022658174082e+16, 218693135.9005992, 110011232.10191569, -7.40356414011652e+31], [-1401873947.8174148, 215942365.4393903, 105892441.6132205, -1.0290655695388452e+16, -39757253.66155561, 29283834.743676975, 4.3625125104027375e+30], [1.491573327577693e+17, 3.954022658174082e+16, -1.0290655695388452e+16, 3.48994274287534e+24, 1.2954463850662194e+16, -7974749921315457.0, -1.950807060282335e+39], [482628117.2138655, 218693135.90059918, -39757253.6615556, 1.2954463850662194e+16, 54128867.473838836, -23056707.692575853, -9.552321671828334e+30], [-885331362.3243469, 110011232.10191569, 29283834.743676975, -7974749921315457.0, -23056707.692575853, 35076981.51054808, 2.211521393375553e+29], [5.111450259405938e+31, -7.403564140116521e+31, 4.3625125104027375e+30, -1.950807060282335e+39, -9.552321671828334e+30, 2.211521393375553e+29, 2.4863601129565973e+54]]
sigma_dmb
from cov matrix =
2.7889137579537318e-27
2-sigma =
6.916506119725255e-27
2-sigma zack's method =
4.333098309261863e-27