n-power=
0
dm_mass=
1e-05
stepsize =
2e-27
fisher matrix =
[[40312360224.58108, -7366609584.176529, -1401873947.8174148, 1.491573327577693e+17, 482628117.2138655, -885331362.3243467, 7.060498504683924e+33], [-7366609584.176529, 3798357948.6697364, 215942365.4393903, 3.954022658174082e+16, 218693135.9005992, 110011232.10191569, -9.363267241233599e+33], [-1401873947.8174148, 215942365.4393903, 105892441.6132205, -1.0290655695388452e+16, -39757253.66155561, 29283834.743676975, 5.3032329972103915e+32], [1.491573327577693e+17, 3.954022658174082e+16, -1.0290655695388452e+16, 3.48994274287534e+24, 1.2954463850662194e+16, -7974749921315457.0, -2.3973852625078505e+41], [482628117.2138655, 218693135.90059918, -39757253.6615556, 1.2954463850662194e+16, 54128867.473838836, -23056707.692575853, -1.18804569788364e+33], [-885331362.3243469, 110011232.10191569, 29283834.743676975, -7974749921315457.0, -23056707.692575853, 35076981.51054808, 5.85274885063418e+30], [7.060498504683924e+33, -9.363267241233599e+33, 5.3032329972103915e+32, -2.3973852625078505e+41, -1.18804569788364e+33, 5.852748850634181e+30, 4.007413385460649e+58]]
sigma_dmb
from cov matrix =
1.9798217127452737e-29
2-sigma =
4.909957847608279e-29
2-sigma zack's method =
3.08137223927346e-29