n-power=
0
dm_mass=
1
stepsize =
2e-26
fisher matrix =
[[40312360224.58108, -7366609584.176529, -1401873947.8174148, 1.491573327577693e+17, 482628117.2138655, -885331362.3243467, 2.9873213746374005e+32], [-7366609584.176529, 3798357948.6697364, 215942365.4393903, 3.954022658174082e+16, 218693135.9005992, 110011232.10191569, -4.305420131699618e+32], [-1401873947.8174148, 215942365.4393903, 105892441.6132205, -1.0290655695388452e+16, -39757253.66155561, 29283834.743676975, 2.5314109821803834e+31], [1.491573327577693e+17, 3.954022658174082e+16, -1.0290655695388452e+16, 3.48994274287534e+24, 1.2954463850662194e+16, -7974749921315457.0, -1.1329482250079823e+40], [482628117.2138655, 218693135.90059918, -39757253.6615556, 1.2954463850662194e+16, 54128867.473838836, -23056707.692575853, -5.549017200895184e+31], [-885331362.3243469, 110011232.10191569, 29283834.743676975, -7974749921315457.0, -23056707.692575853, 35076981.51054808, 1.2371708835885736e+30], [2.9873213746374005e+32, -4.305420131699618e+32, 2.5314109821803834e+31, -1.1329482250079823e+40, -5.549017200895184e+31, 1.2371708835885736e+30, 8.398976639422344e+55]]
sigma_dmb
from cov matrix =
4.806228365909054e-28
2-sigma =
1.1919446347454454e-27
2-sigma zack's method =
7.4769685264486805e-28