n-power=
-2
dm_mass=
0.001
stepsize =
4e-34
fisher matrix =
[[38689341457.83366, -5362818719.258043, -1514628752.0685098, 2.0123291621707786e+17, 722016676.7070714, -885457065.0324104, -7.434680384700493e+39], [-5362818719.258043, 1306325308.2861695, 356281042.1818493, -2.5035569924397972e+16, -81581231.77670474, 110165849.10599668, 7.325865312544995e+38], [-1514628752.0685098, 356281042.18184936, 97987110.05910282, -6652990128963406.0, -22855687.255963955, 29275128.997670814, 2.031337551150753e+38], [2.0123291621707786e+17, -2.5035569924397972e+16, -6652990128963406.0, 1.8112240032056673e+24, 5235339837961014.0, -7970711506386538.0, -6.005859448460962e+46], [722016676.7070714, -81581231.77670474, -22855687.255963955, 5235339837961014.0, 17203704.706812263, -23038461.739678524, -1.8905329221546254e+38], [-885457065.0324104, 110165849.10599668, 29275128.997670814, -7970711506386537.0, -23038461.739678524, 35076971.37057968, 2.6429034301170556e+38], [-7.434680384700493e+39, 7.325865312544995e+38, 2.031337551150753e+38, -6.005859448460962e+46, -1.8905329221546254e+38, 2.6429034301170556e+38, 2.1591093805137474e+69]]
sigma_dmb
from cov matrix =
2.5890825864161293e-34
relative_bulk_velocity =
30.0
2-sigma zack's method =
4.0264602164057575e-34