n-power=
-2
dm_mass=
0.01
stepsize =
3e-35
fisher matrix =
[[38722912692.56028, -5400831812.69728, -1512407201.3107786, 2.0004590152567654e+17, 719715615.3290608, -885453654.0607411, -7.333774742637512e+39], [-5400831812.69728, 1349516295.2543473, 353749730.813514, -2.3677774040444652e+16, -79030079.2657795, 110161936.19364583, 6.118480999995e+38], [-1512407201.3107786, 353749730.813514, 98135854.14581107, -6733085057995549.0, -23001320.238087177, 29275360.467272364, 2.0985664825587015e+38], [2.0004590152567654e+17, -2.3677774040444652e+16, -6733085057995549.0, 1.8546277029960924e+24, 5310020104695577.0, -7970837511702833.0, -6.350177270934845e+46], [719715615.3290607, -79030079.2657795, -23001320.238087177, 5310020104695576.0, 17398145.51549535, -23038669.76646371, -1.9732220562605107e+38], [-885453654.0607411, 110161936.19364583, 29275360.467272364, -7970837511702833.0, -23038669.76646371, 35076971.73757442, 2.6364048961403476e+38], [-7.333774742637513e+39, 6.118480999995e+38, 2.0985664825587015e+38, -6.350177270934845e+46, -1.9732220562605107e+38, 2.6364048961403476e+38, 2.541659896539407e+69]]
sigma_dmb
from cov matrix =
1.1841677629776124e-34
2-sigma =
2.9367360521844786e-34
2-sigma zack's method =
1.841720870282307e-34