n-power=
-2
dm_mass=
0.1
stepsize =
9.486832980505138e-35
fisher matrix =
[[38722912692.56028, -5400831812.69728, -1512407201.3107786, 2.0004590152567654e+17, 719715615.3290608, -885453654.0607411, -6.715604186898949e+39], [-5400831812.69728, 1349516295.2543473, 353749730.813514, -2.3677774040444652e+16, -79030079.2657795, 110161936.19364583, 5.615650350743506e+38], [-1512407201.3107786, 353749730.813514, 98135854.14581107, -6733085057995549.0, -23001320.238087177, 29275360.467272364, 1.9227686295177694e+38], [2.0004590152567654e+17, -2.3677774040444652e+16, -6733085057995549.0, 1.8546277029960924e+24, 5310020104695577.0, -7970837511702833.0, -5.816770238934709e+46], [719715615.3290607, -79030079.2657795, -23001320.238087177, 5310020104695576.0, 17398145.51549535, -23038669.76646371, -1.8075811354053632e+38], [-885453654.0607411, 110161936.19364583, 29275360.467272364, -7970837511702833.0, -23038669.76646371, 35076971.73757442, 2.4159052329412903e+38], [-6.715604186898949e+39, 5.615650350743506e+38, 1.9227686295177694e+38, -5.816770238934709e+46, -1.8075811354053632e+38, 2.4159052329412903e+38, 2.1273507665481585e+69]]
sigma_dmb
from cov matrix =
1.3249049978575548e-34
2-sigma =
3.285764394686736e-34
2-sigma zack's method =
2.060757390535954e-34