n-power=
-2
dm_mass=
1000
stepsize =
9.486832980505137e-33
fisher matrix =
[[38689341457.83366, -5362818719.258043, -1514628752.0685098, 2.0123291621707786e+17, 722016676.7070714, -885457065.0324104, -6.892395971596241e+36], [-5362818719.258043, 1306325308.2861695, 356281042.1818493, -2.5035569924397972e+16, -81581231.77670474, 110165849.10599668, 6.82209831756845e+35], [-1514628752.0685098, 356281042.18184936, 97987110.05910282, -6652990128963406.0, -22855687.255963955, 29275128.997670814, 1.890039447424877e+35], [2.0123291621707786e+17, -2.5035569924397972e+16, -6652990128963406.0, 1.8112240032056673e+24, 5235339837961014.0, -7970711506386538.0, -5.599160715682161e+43], [722016676.7070714, -81581231.77670474, -22855687.255963955, 5235339837961014.0, 17203704.706812263, -23038461.739678524, -1.758933730282935e+35], [-885457065.0324104, 110165849.10599668, 29275128.997670814, -7970711506386537.0, -23038461.739678524, 35076971.37057968, 2.463931523782944e+35], [-6.892395971596241e+36, 6.82209831756845e+35, 1.8900394474248766e+35, -5.599160715682161e+43, -1.758933730282935e+35, 2.463931523782944e+35, 1.877382064280888e+63]]
sigma_dmb
from cov matrix =
2.3494124881308507e-31
relative_bulk_velocity =
30.0
2-sigma zack's method =
3.6527838165405446e-31