n-power=
-2
dm_mass=
100
stepsize =
3.794733192202055e-32
fisher matrix =
[[38722912692.56028, -5400831812.69728, -1512407201.3107786, 2.0004590152567654e+17, 719715615.3290608, -885453654.0607411, -6.8670604296727695e+37], [-5400831812.69728, 1349516295.2543473, 353749730.813514, -2.3677774040444652e+16, -79030079.2657795, 110161936.19364583, 5.737144860524043e+36], [-1512407201.3107786, 353749730.813514, 98135854.14581107, -6733085057995549.0, -23001320.238087177, 29275360.467272364, 1.9644481705279968e+36], [2.0004590152567654e+17, -2.3677774040444652e+16, -6733085057995549.0, 1.8546277029960924e+24, 5310020104695577.0, -7970837511702833.0, -5.952464209259317e+44], [719715615.3290607, -79030079.2657795, -23001320.238087177, 5310020104695576.0, 17398145.51549535, -23038669.76646371, -1.848911754658204e+36], [-885453654.0607411, 110161936.19364583, 29275360.467272364, -7970837511702833.0, -23038669.76646371, 35076971.73757442, 2.4723587860781858e+36], [-6.8670604296727695e+37, 5.737144860524043e+36, 1.9644481705279968e+36, -5.952464209259317e+44, -1.8489117546582038e+36, 2.472358786078186e+36, 2.226308443707115e+65]]
sigma_dmb
from cov matrix =
1.2970920416154082e-32
2-sigma =
3.2167882632062126e-32
2-sigma zack's method =
2.0171964005593197e-32