n-power=
-2
dm_mass=
10
stepsize =
2e-33
fisher matrix =
[[38722912692.56028, -5400831812.69728, -1512407201.3107786, 2.0004590152567654e+17, 719715615.3290608, -885453654.0607411, -6.3539630216678726e+38], [-5400831812.69728, 1349516295.2543473, 353749730.813514, -2.3677774040444652e+16, -79030079.2657795, 110161936.19364583, 5.30594764755377e+37], [-1512407201.3107786, 353749730.813514, 98135854.14581107, -6733085057995549.0, -23001320.238087177, 29275360.467272364, 1.8181448150125355e+37], [2.0004590152567654e+17, -2.3677774040444652e+16, -6733085057995549.0, 1.8546277029960924e+24, 5310020104695577.0, -7970837511702833.0, -5.506110538258488e+45], [719715615.3290607, -79030079.2657795, -23001320.238087177, 5310020104695576.0, 17398145.51549535, -23038669.76646371, -1.7104539634209305e+37], [-885453654.0607411, 110161936.19364583, 29275360.467272364, -7970837511702833.0, -23038669.76646371, 35076971.73757442, 2.286511434553293e+37], [-6.3539630216678726e+38, 5.305947647553769e+37, 1.8181448150125355e+37, -5.5061105382584875e+45, -1.7104539634209305e+37, 2.286511434553293e+37, 1.9070137129144738e+67]]
sigma_dmb
from cov matrix =
1.3912231580567336e-33
2-sigma =
3.4502334319806996e-33
2-sigma zack's method =
2.1618660425321458e-33