n-power=
-2
dm_mass=
1000
stepsize =
9.486832980505137e-33
fisher matrix =
[[38722912692.56028, -5400831812.69728, -1512407201.3107786, 2.0004590152567654e+17, 719715615.3290608, -885453654.0607411, -6.79121363425438e+36], [-5400831812.69728, 1349516295.2543473, 353749730.813514, -2.3677774040444652e+16, -79030079.2657795, 110161936.19364583, 5.686186455202115e+35], [-1512407201.3107786, 353749730.813514, 98135854.14581107, -6733085057995549.0, -23001320.238087177, 29275360.467272364, 1.9555473581197245e+35], [2.0004590152567654e+17, -2.3677774040444652e+16, -6733085057995549.0, 1.8546277029960924e+24, 5310020104695577.0, -7970837511702833.0, -5.940335438659618e+43], [719715615.3290607, -79030079.2657795, -23001320.238087177, 5310020104695576.0, 17398145.51549535, -23038669.76646371, -1.8396501653345956e+35], [-885453654.0607411, 110161936.19364583, 29275360.467272364, -7970837511702833.0, -23038669.76646371, 35076971.73757442, 2.464027720959917e+35], [-6.79121363425438e+36, 5.686186455202115e+35, 1.9555473581197245e+35, -5.940335438659618e+43, -1.8396501653345956e+35, 2.464027720959917e+35, 2.2262965136259015e+63]]
sigma_dmb
from cov matrix =
1.213944370841907e-31
2-sigma =
3.0105820396879296e-31
2-sigma zack's method =
1.8889080109673056e-31