n-power=
-2
dm_mass=
1e-06
stepsize =
2e-35
fisher matrix =
[[38689341457.83366, -5362818719.258043, -1514628752.0685098, 2.0123291621707786e+17, 722016676.7070714, -885457065.0324104, -7.571755932911047e+39], [-5362818719.258043, 1306325308.2861695, 356281042.1818493, -2.5035569924397972e+16, -81581231.77670474, 110165849.10599668, 7.440313364238187e+38], [-1514628752.0685098, 356281042.18184936, 97987110.05910282, -6652990128963406.0, -22855687.255963955, 29275128.997670814, 2.065346468355537e+38], [2.0123291621707786e+17, -2.5035569924397972e+16, -6652990128963406.0, 1.8112240032056673e+24, 5235339837961014.0, -7970711506386538.0, -6.079080426002857e+46], [722016676.7070714, -81581231.77670474, -22855687.255963955, 5235339837961014.0, 17203704.706812263, -23038461.739678524, -1.9185365430962075e+38], [-885457065.0324104, 110165849.10599668, 29275128.997670814, -7970711506386537.0, -23038461.739678524, 35076971.37057968, 2.6751139523949175e+38], [-7.571755932911048e+39, 7.440313364238187e+38, 2.065346468355537e+38, -6.079080426002858e+46, -1.9185365430962067e+38, 2.6751139523949175e+38, 2.2229543357898545e+69]]
sigma_dmb
from cov matrix =
2.4495858073295776e-34
relative_bulk_velocity =
30.0
2-sigma zack's method =
3.8124575824466082e-34