n-power=
-2
dm_mass=
1e-06
stepsize =
2e-35
fisher matrix =
[[38722912692.56028, -5400831812.69728, -1512407201.3107786, 2.0004590152567654e+17, 719715615.3290608, -885453654.0607411, -7.464010265345333e+39], [-5400831812.69728, 1349516295.2543473, 353749730.813514, -2.3677774040444652e+16, -79030079.2657795, 110161936.19364583, 6.230711133859578e+38], [-1512407201.3107786, 353749730.813514, 98135854.14581107, -6733085057995549.0, -23001320.238087177, 29275360.467272364, 2.135105021527947e+38], [2.0004590152567654e+17, -2.3677774040444652e+16, -6733085057995549.0, 1.8546277029960924e+24, 5310020104695577.0, -7970837511702833.0, -6.442402518482045e+46], [719715615.3290607, -79030079.2657795, -23001320.238087177, 5310020104695576.0, 17398145.51549535, -23038669.76646371, -2.0044760735625605e+38], [-885453654.0607411, 110161936.19364583, 29275360.467272364, -7970837511702833.0, -23038669.76646371, 35076971.73757442, 2.67521639625145e+38], [-7.464010265345334e+39, 6.230711133859578e+38, 2.135105021527947e+38, -6.442402518482045e+46, -2.0044760735625605e+38, 2.675216396251449e+38, 2.6184851107181503e+69]]
sigma_dmb
from cov matrix =
1.1659055045768991e-34
relative_bulk_velocity =
30.0
2-sigma zack's method =
1.8151058450424145e-34