n-power=
-2
dm_mass=
1
stepsize =
3e-34
fisher matrix =
[[38689341457.83366, -5362818719.258043, -1514628752.0685098, 2.0123291621707786e+17, 722016676.7070714, -885457065.0324104, -3.6346034782325594e+39], [-5362818719.258043, 1306325308.2861695, 356281042.1818493, -2.5035569924397972e+16, -81581231.77670474, 110165849.10599668, 3.5741928912582915e+38], [-1514628752.0685098, 356281042.18184936, 97987110.05910282, -6652990128963406.0, -22855687.255963955, 29275128.997670814, 9.915168351998231e+37], [2.0123291621707786e+17, -2.5035569924397972e+16, -6652990128963406.0, 1.8112240032056673e+24, 5235339837961014.0, -7970711506386538.0, -2.9309910970249063e+46], [722016676.7070714, -81581231.77670474, -22855687.255963955, 5235339837961014.0, 17203704.706812263, -23038461.739678524, -9.233835345503468e+37], [-885457065.0324104, 110165849.10599668, 29275128.997670814, -7970711506386537.0, -23038461.739678524, 35076971.37057968, 1.2897932837517632e+38], [-3.6346034782325594e+39, 3.5741928912582915e+38, 9.915168351998231e+37, -2.9309910970249063e+46, -9.233835345503468e+37, 1.2897932837517632e+38, 5.150634630991339e+68]]
sigma_dmb
from cov matrix =
5.264597935723524e-34
relative_bulk_velocity =
30.0
2-sigma zack's method =
8.188605320793078e-34