n-power=
-2
dm_mass=
1
stepsize =
3e-34
fisher matrix =
[[38722912692.56028, -5400831812.69728, -1512407201.3107786, 2.0004590152567654e+17, 719715615.3290608, -885453654.0607411, -3.582749491958306e+39], [-5400831812.69728, 1349516295.2543473, 353749730.813514, -2.3677774040444652e+16, -79030079.2657795, 110161936.19364583, 2.992044271037175e+38], [-1512407201.3107786, 353749730.813514, 98135854.14581107, -6733085057995549.0, -23001320.238087177, 29275360.467272364, 1.0250914774266132e+38], [2.0004590152567654e+17, -2.3677774040444652e+16, -6733085057995549.0, 1.8546277029960924e+24, 5310020104695577.0, -7970837511702833.0, -3.105875708153483e+46], [719715615.3290607, -79030079.2657795, -23001320.238087177, 5310020104695576.0, 17398145.51549535, -23038669.76646371, -9.647175119438167e+37], [-885453654.0607411, 110161936.19364583, 29275360.467272364, -7970837511702833.0, -23038669.76646371, 35076971.73757442, 1.2898425989589517e+38], [-3.582749491958306e+39, 2.992044271037175e+38, 1.025091477426613e+38, -3.105875708153483e+46, -9.647175119438167e+37, 1.2898425989589517e+38, 6.065559192602061e+68]]
sigma_dmb
from cov matrix =
2.4714143833576355e-34
2-sigma =
6.129107670726936e-34
2-sigma zack's method =
3.8420847276998888e-34