n-power=
2
dm_mass=
0.0001
stepsize =
1e-23
fisher matrix =
[[256435893581.12686, -29776046383.02648, -7419659687.458143, 8.808901786089398e+17, 3427601134.139993, -4228315504.6077895, 1.2978418381895127e+30], [-29776046383.026478, 8336506467.93758, 1028124901.3589946, 4043700566583479.0, 103003744.05470017, 419134005.55432063, -1.4137026739767143e+30], [-7419659687.458142, 1028124901.3589945, 357984694.2885425, -3.212505776823924e+16, -128414122.21582194, 116732473.65778747, 7.256060250148046e+28], [8.808901786089398e+17, 4043700566583473.0, -3.212505776823924e+16, 7.747932644628702e+24, 2.952788095956414e+16, -2.2729754413791104e+16, -3.435867983355502e+37], [3427601134.139993, 103003744.05470017, -128414122.21582194, 2.952788095956414e+16, 122740777.63268231, -77727013.48449327, -1.737631561340352e+29], [-4228315504.6077895, 419134005.55432063, 116732473.65778747, -2.2729754413791104e+16, -77727013.48449329, 100292993.05216442, -4.136633291553408e+27], [1.2978418381895127e+30, -1.4137026739767143e+30, 7.256060250148046e+28, -3.435867983355502e+37, -1.737631561340352e+29, -4.136633291553409e+27, 6.182539048690177e+50]]
sigma_dmb
from cov matrix =
1.1258396211650079e-25
2-sigma =
2.7920822604892197e-25
2-sigma zack's method =
