n-power=
2
dm_mass=
0.001
stepsize =
3.177312938897127e-21
fisher matrix =
[[257004680224.34918, -30127166721.34548, -7401589072.410129, 8.722441471809773e+17, 3365050432.2089505, -4227844789.1819334, 5.256367232150364e+28], [-30127166721.34548, 8325702585.687976, 1032036850.1533803, 3808303120956484.5, 122407110.76634748, 419411110.43853396, -4.930591472882453e+28], [-7401589072.410129, 1032036850.1533802, 357458985.35337234, -3.2026041696498772e+16, -129045922.0071935, 116670384.50740154, 2.3191914676581306e+27], [8.722441471809773e+17, 3808303120956486.0, -3.2026041696498772e+16, 7.747932644628467e+24, 3.00516319691724e+16, -2.2728388166789692e+16, -1.1757355279253746e+36], [3365050432.2089505, 122407110.76634748, -129045922.0071935, 3.00516319691724e+16, 128171716.61676303, -77725004.95978788, -6.137480100590794e+27], [-4227844789.1819334, 419411110.43853396, 116670384.50740154, -2.2728388166789692e+16, -77725004.95978788, 100275514.97685932, -2.326844639586366e+26], [5.2563672321503645e+28, -4.930591472882453e+28, 2.3191914676581306e+27, -1.1757355279253746e+36, -6.137480100590794e+27, -2.326844639586366e+26, 6.545463177909391e+47]]
sigma_dmb
from cov matrix =
5.774168192384605e-24
2-sigma =
1.431993711711382e-23
2-sigma zack's method =
8.982278314405538e-24