n-power=
2
dm_mass=
0.01
stepsize =
1.5924286822139892e-20
fisher matrix =
[[257004680224.34918, -30127166721.34548, -7401589072.410129, 8.722441471809773e+17, 3365050432.2089505, -4227844789.1819334, 7.437809648981318e+27], [-30127166721.34548, 8325702585.687976, 1032036850.1533803, 3808303120956484.5, 122407110.76634748, 419411110.43853396, -7.139182626628942e+27], [-7401589072.410129, 1032036850.1533802, 357458985.35337234, -3.2026041696498772e+16, -129045922.0071935, 116670384.50740154, 3.5115274958613984e+26], [8.722441471809773e+17, 3808303120956486.0, -3.2026041696498772e+16, 7.747932644628467e+24, 3.00516319691724e+16, -2.2728388166789692e+16, -1.730635853932283e+35], [3365050432.2089505, 122407110.76634748, -129045922.0071935, 3.00516319691724e+16, 128171716.61676303, -77725004.95978788, -9.133584795108615e+26], [-4227844789.1819334, 419411110.43853396, 116670384.50740154, -2.2728388166789692e+16, -77725004.95978788, 100275514.97685932, -2.4550115494070457e+25], [7.437809648981318e+27, -7.139182626628942e+27, 3.5115274958613984e+26, -1.730635853932283e+35, -9.133584795108615e+26, -2.4550115494070457e+25, 1.47793818771409e+46]]
sigma_dmb
from cov matrix =
2.985284713648599e-23
2-sigma =
7.403506089848524e-23
2-sigma zack's method =
4.64388661130038e-23