n-power=
2
dm_mass=
0.1
stepsize =
7.98104925987552e-20
fisher matrix =
[[257004680224.34918, -30127166721.34548, -7401589072.410129, 8.722441471809773e+17, 3365050432.2089505, -4227844789.1819334, 8.890897196066549e+26], [-30127166721.34548, 8325702585.687976, 1032036850.1533803, 3808303120956484.5, 122407110.76634748, 419411110.43853396, -9.228076066766759e+26], [-7401589072.410129, 1032036850.1533802, 357458985.35337234, -3.2026041696498772e+16, -129045922.0071935, 116670384.50740154, 4.812182698790157e+25], [8.722441471809773e+17, 3808303120956486.0, -3.2026041696498772e+16, 7.747932644628467e+24, 3.00516319691724e+16, -2.2728388166789692e+16, -2.2927074553097265e+34], [3365050432.2089505, 122407110.76634748, -129045922.0071935, 3.00516319691724e+16, 128171716.61676303, -77725004.95978788, -1.2136310868390677e+26], [-4227844789.1819334, 419411110.43853396, 116670384.50740154, -2.2728388166789692e+16, -77725004.95978788, 100275514.97685932, -1.4937709609380002e+24], [8.890897196066549e+26, -9.228076066766759e+26, 4.812182698790157e+25, -2.2927074553097265e+34, -1.2136310868390677e+26, -1.4937709609380002e+24, 2.6226653754054513e+44]]
sigma_dmb
from cov matrix =
1.9649038942939644e-22
2-sigma =
4.872961657849031e-22
2-sigma zack's method =
3.0559041674710457e-22