n-power=
2
dm_mass=
1000
stepsize =
5.0357016471766674e-17
fisher matrix =
[[256435893581.12686, -29776046383.02648, -7419659687.458143, 8.808901786089398e+17, 3427601134.139993, -4228315504.6077895, 1.0512506738991597e+23], [-29776046383.026478, 8336506467.93758, 1028124901.3589946, 4043700566583479.0, 103003744.05470017, 419134005.55432063, -1.5702435287831352e+23], [-7419659687.458142, 1028124901.3589945, 357984694.2885425, -3.212505776823924e+16, -128414122.21582194, 116732473.65778747, 9.242373147754133e+21], [8.808901786089398e+17, 4043700566583473.0, -3.212505776823924e+16, 7.747932644628702e+24, 2.952788095956414e+16, -2.2729754413791104e+16, -4.090893377179613e+30], [3427601134.139993, 103003744.05470017, -128414122.21582194, 2.952788095956414e+16, 122740777.63268231, -77727013.48449327, -2.0298863800288826e+22], [-4228315504.6077895, 419134005.55432063, 116732473.65778747, -2.2729754413791104e+16, -77727013.48449329, 100292993.05216442, 3.2521152914055384e+20], [1.0512506738991597e+23, -1.5702435287831352e+23, 9.242373147754133e+21, -4.090893377179613e+30, -2.0298863800288826e+22, 3.2521152914055384e+20, 7.552515335100985e+36]]
sigma_dmb
from cov matrix =
1.193081033426353e-18
2-sigma =
2.9588409628973552e-18
2-sigma zack's method =
1.8571524214362313e-18