n-power=
2
dm_mass=
10
stepsize =
2.0047489345090887e-18
fisher matrix =
[[257004680224.34918, -30127166721.34548, -7401589072.410129, 8.722441471809773e+17, 3365050432.2089505, -4227844789.1819334, 1.4752318188139452e+25], [-30127166721.34548, 8325702585.687976, 1032036850.1533803, 3808303120956484.5, 122407110.76634748, 419411110.43853396, -1.837966720545114e+25], [-7401589072.410129, 1032036850.1533802, 357458985.35337234, -3.2026041696498772e+16, -129045922.0071935, 116670384.50740154, 1.0536384660267279e+24], [8.722441471809773e+17, 3808303120956486.0, -3.2026041696498772e+16, 7.747932644628467e+24, 3.00516319691724e+16, -2.2728388166789692e+16, -4.778122235574961e+32], [3365050432.2089505, 122407110.76634748, -129045922.0071935, 3.00516319691724e+16, 128171716.61676303, -77725004.95978788, -2.50832150568503e+24], [-4227844789.1819334, 419411110.43853396, 116670384.50740154, -2.2728388166789692e+16, -77725004.95978788, 100275514.97685932, 3.206399444440964e+22], [1.4752318188139452e+25, -1.837966720545114e+25, 1.0536384660267279e+24, -4.778122235574961e+32, -2.50832150568503e+24, 3.206399444440964e+22, 1.0755857544386748e+41]]
sigma_dmb
from cov matrix =
9.620009957519265e-21
2-sigma =
2.3857624694647777e-20
2-sigma zack's method =
1.4978752922984725e-20