n-power=
2
dm_mass=
1e-05
stepsize =
1e-24
fisher matrix =
[[256435893581.12686, -29776046383.02648, -7419659687.458143, 8.808901786089398e+17, 3427601134.139993, -4228315504.6077895, 1.8338374176353987e+31], [-29776046383.026478, 8336506467.93758, 1028124901.3589946, 4043700566583479.0, 103003744.05470017, 419134005.55432063, -2.0015170164652454e+31], [-7419659687.458142, 1028124901.3589945, 357984694.2885425, -3.212505776823924e+16, -128414122.21582194, 116732473.65778747, 1.0279768489983878e+30], [8.808901786089398e+17, 4043700566583473.0, -3.212505776823924e+16, 7.747932644628702e+24, 2.952788095956414e+16, -2.2729754413791104e+16, -4.867019025796176e+38], [3427601134.139993, 103003744.05470017, -128414122.21582194, 2.952788095956414e+16, 122740777.63268231, -77727013.48449327, -2.4595538491930077e+30], [-4228315504.6077895, 419134005.55432063, 116732473.65778747, -2.2729754413791104e+16, -77727013.48449329, 100292993.05216442, -5.808727816721474e+28], [1.8338374176353987e+31, -2.0015170164652454e+31, 1.0279768489983878e+30, -4.867019025796176e+38, -2.4595538491930077e+30, -5.808727816721474e+28, 1.2332180656373977e+53]]
sigma_dmb
from cov matrix =
8.07391511993841e-27
2-sigma =
2.0023309497447257e-26
2-sigma zack's method =
1.254198126870141e-26