n-power=
6.0
dm_mass=
0.01
stepsize =
2.2033829626705326e-09
fisher matrix =
[[2736283199.4857717, -778985595.7567207, -120185038.06638263, 1.122504304505587e+16, 24574952.619128216, -83105993.71418627, 3666186549376297.0], [-778985595.7567207, 520774330.89424217, 31093915.181434195, 5051753345702350.0, 23317011.490936704, 17953947.49327118, -3570983574777721.0], [-120185038.06638259, 31093915.181434195, 14594610.25926799, -1485326948475107.8, -3999740.3385885605, 4076361.530950619, 174477270718131.72], [1.122504304505587e+16, 5051753345702351.0, -1485326948475107.8, 7.8780813142992e+23, 1866704728007795.5, -2267576237984734.0, -8.561219064152973e+22], [24574952.619128216, 23317011.490936704, -3999740.3385885605, 1866704728007795.5, 5491250.0186922895, -4289338.713471742, -339516072044793.5], [-83105993.71418627, 17953947.49327118, 4076361.530950619, -2267576237984734.5, -4289338.713471742, 9751449.471582353, -39375745055212.11], [3666186549376297.0, -3570983574777721.0, 174477270718131.72, -8.561219064152973e+22, -339516072044793.5, -39375745055212.11, 4.3291837143519225e+22]]
sigma_dmeff
from cov matrix =
1.4611609016108735e-11
2-sigma =
3.6236790359949664e-11
2-sigma zack's method =
2.2738801953550646e-11