n-power=
6.0
dm_mass=
0.1
stepsize =
4.1984596819981804e-08
fisher matrix =
[[2736283199.4857717, -778985595.7567207, -120185038.06638263, 1.122504304505587e+16, 24574952.619128216, -83105993.71418627, 34026495324598.848], [-778985595.7567207, 520774330.89424217, 31093915.181434195, 5051753345702350.0, 23317011.490936704, 17953947.49327118, -36644337283364.34], [-120185038.06638259, 31093915.181434195, 14594610.25926799, -1485326948475107.8, -3999740.3385885605, 4076361.530950619, 1993688313469.7637], [1.122504304505587e+16, 5051753345702351.0, -1485326948475107.8, 7.8780813142992e+23, 1866704728007795.5, -2267576237984734.0, -9.633353558914331e+20], [24574952.619128216, 23317011.490936704, -3999740.3385885605, 1866704728007795.5, 5491250.0186922895, -4289338.713471742, -3786977931562.7505], [-83105993.71418627, 17953947.49327118, 4076361.530950619, -2267576237984734.5, -4289338.713471742, 9751449.471582353, -94081239574.41298], [34026495324598.848, -36644337283364.34, 1993688313469.7637, -9.633353558914331e+20, -3786977931562.7505, -94081239574.41298, 5.219079902629885e+18]]
sigma_dmeff
from cov matrix =
1.0694226028451206e-09
2-sigma =
2.6521680550558993e-09
2-sigma zack's method =
1.664295252443297e-09