n-power=
6.0
dm_mass=
1000
stepsize =
0.005534647767351492
fisher matrix =
[[2736283199.4857717, -778985595.7567207, -120185038.06638263, 1.122504304505587e+16, 24574952.619128216, -83105993.71418627, 105157161.50298598], [-778985595.7567207, 520774330.89424217, 31093915.181434195, 5051753345702350.0, 23317011.490936704, 17953947.49327118, -113692869.63856103], [-120185038.06638259, 31093915.181434195, 14594610.25926799, -1485326948475107.8, -3999740.3385885605, 4076361.530950619, 6195077.121234904], [1.122504304505587e+16, 5051753345702351.0, -1485326948475107.8, 7.8780813142992e+23, 1866704728007795.5, -2267576237984734.0, -2995907320965285.5], [24574952.619128216, 23317011.490936704, -3999740.3385885605, 1866704728007795.5, 5491250.0186922895, -4289338.713471742, -11785586.856090907], [-83105993.71418627, 17953947.49327118, 4076361.530950619, -2267576237984734.5, -4289338.713471742, 9751449.471582353, -260692.42481657432], [105157161.50298598, -113692869.63856103, 6195077.121234904, -2995907320965285.5, -11785586.856090907, -260692.42481657432, 50715105.7177043]]
sigma_dmeff
from cov matrix =
0.0003377613341388864
2-sigma =
0.0008376481086644382
2-sigma zack's method =
0.0005253274103809893