n-power=
6.0
dm_mass=
100
stepsize =
0.0002904624438160811
fisher matrix =
[[2736283199.4857717, -778985595.7567207, -120185038.06638263, 1.122504304505587e+16, 24574952.619128216, -83105993.71418627, 1335679700.592429], [-778985595.7567207, 520774330.89424217, 31093915.181434195, 5051753345702350.0, 23317011.490936704, 17953947.49327118, -1449232236.448], [-120185038.06638259, 31093915.181434195, 14594610.25926799, -1485326948475107.8, -3999740.3385885605, 4076361.530950619, 79238657.52755113], [1.122504304505587e+16, 5051753345702351.0, -1485326948475107.8, 7.8780813142992e+23, 1866704728007795.5, -2267576237984734.0, -3.829436422000657e+16], [24574952.619128216, 23317011.490936704, -3999740.3385885605, 1866704728007795.5, 5491250.0186922895, -4289338.713471742, -150644642.05580387], [-83105993.71418627, 17953947.49327118, 4076361.530950619, -2267576237984734.5, -4289338.713471742, 9751449.471582353, -2934180.892324292], [1335679700.592429, -1449232236.448, 79238657.52755113, -3.829436422000657e+16, -150644642.05580387, -2934180.892324292, 8293089880.793299]]
sigma_dmeff
from cov matrix =
2.6186244995602903e-05
2-sigma =
6.49418875890952e-05
2-sigma zack's method =
4.0738086804993886e-05