n-power=
6.0
dm_mass=
10
stepsize =
1.5243685743705978e-05
fisher matrix =
[[2736283199.4857717, -778985595.7567207, -120185038.06638263, 1.122504304505587e+16, 24574952.619128216, -83105993.71418627, 17703402815.35164], [-778985595.7567207, 520774330.89424217, 31093915.181434195, 5051753345702350.0, 23317011.490936704, 17953947.49327118, -19264310079.51222], [-120185038.06638259, 31093915.181434195, 14594610.25926799, -1485326948475107.8, -3999740.3385885605, 4076361.530950619, 1056180651.9271973], [1.122504304505587e+16, 5051753345702351.0, -1485326948475107.8, 7.8780813142992e+23, 1866704728007795.5, -2267576237984734.0, -5.1026477250746374e+17], [24574952.619128216, 23317011.490936704, -3999740.3385885605, 1866704728007795.5, 5491250.0186922895, -4289338.713471742, -2007158596.9407125], [-83105993.71418627, 17953947.49327118, 4076361.530950619, -2267576237984734.5, -4289338.713471742, 9751449.471582353, -34423004.34780394], [17703402815.35164, -19264310079.51222, 1056180651.9271973, -5.1026477250746374e+17, -2007158596.9407125, -34423004.34780394, 1473295687098.903]]
sigma_dmeff
from cov matrix =
1.950511355239502e-06
2-sigma =
4.837268160993965e-06
2-sigma zack's method =
3.0349426386358984e-06