n-power=
6
dm_mass=
1
stepsize =
2e-06
fisher matrix =
[[2737513669.268865, -779914318.2269955, -120427564.25192468, 1.1218120558518204e+16, 24570950.678117216, -83089685.04806302, 346379297542.84674], [-779914318.2269953, 521320567.8122918, 31235893.664776534, 5053727344938481.0, 23315142.66291231, 17951618.820151698, -375091766259.2708], [-120427564.25192468, 31235893.664776538, 14630147.108160576, -1484571443951457.8, -4000873.724578171, 4075896.2249238905, 20467376037.28996], [1.1218120558518204e+16, 5053727344938482.0, -1484571443951457.8, 7.87693825480095e+23, 1866805655351377.0, -2267428836176695.0, -9.897841416719399e+18], [24570950.67811722, 23315142.66291231, -4000873.724578171, 1866805655351377.0, 5491475.856771744, -4289708.6322540995, -38911581654.68139], [-83089685.04806302, 17951618.820151698, 4075896.2249238905, -2267428836176695.0, -4289708.6322540995, 9751426.855704302, -812726461.5813807], [346379297542.84674, -375091766259.2708, 20467376037.28996, -9.897841416719399e+18, -38911581654.68139, -812726461.5813808, 551688030943635.4]]
sigma_dmb
from cov matrix =
1.026105358094444e-07
2-sigma =
2.544741288074221e-07
2-sigma zack's method =
1.5964708225040105e-07