n-power=
6
dm_mass=
0.001
stepsize =
5e-15
fisher matrix =
[[283869463.56835717, -60997278.374325596, -18912236.779917523, 654900329180176.6, 2957046.9997130386, -2893012.967788466, 5.653674480718092e+16], [-60997278.374325596, 33585936.82840459, 7561974.710442033, -1281397800119914.0, -1309309.6225795136, 5654817.8806241, -2.4378243811115576e+16], [-18912236.779917523, 7561974.710442033, 1960245.5749461956, -179192483598174.44, -305893.4223233945, 787374.855131063, -4601798953444006.0], [654900329180176.8, -1281397800119914.0, -179192483598174.47, 1.7553844158620006e+23, 185714510616030.97, -771430396932691.0, 3.8700587573034625e+24], [2957046.9997130386, -1309309.6225795136, -305893.4223233945, 185714510616030.97, 388061.2815816893, -818252.6267549085, 7011319254600726.0], [-2893012.9677884667, 5654817.8806241, 787374.855131063, -771430396932690.9, -818252.6267549086, 3393692.4900117232, -1.7086719076325632e+16], [5.653674480718092e+16, -2.4378243811115576e+16, -4601798953444005.0, 3.8700587573034625e+24, 7011319254600726.0, -1.7086719076325632e+16, 1.637549550489618e+26]]
sigma_dmb
from cov matrix =
2.0755230464629405e-13
relative bulk velocity
0.0
