n-power=
6
dm_mass=
0.0001
stepsize =
2e-17
fisher matrix =
[[283869463.56835717, -60997278.374325596, -18912236.779917523, 654900329180176.6, 2957046.9997130386, -2893012.967788466, 5.4589557966136754e+19], [-60997278.374325596, 33585936.82840459, 7561974.710442033, -1281397800119914.0, -1309309.6225795136, 5654817.8806241, -2.463906256574665e+19], [-18912236.779917523, 7561974.710442033, 1960245.5749461956, -179192483598174.44, -305893.4223233945, 787374.855131063, -4.670957428506128e+18], [654900329180176.8, -1281397800119914.0, -179192483598174.47, 1.7553844158620006e+23, 185714510616030.97, -771430396932691.0, 3.7432149725328696e+27], [2957046.9997130386, -1309309.6225795136, -305893.4223233945, 185714510616030.97, 388061.2815816893, -818252.6267549085, 6.654739307536492e+18], [-2893012.9677884667, 5654817.8806241, 787374.855131063, -771430396932690.9, -818252.6267549086, 3393692.4900117232, -1.6520705889930703e+19], [5.4589557966136754e+19, -2.463906256574665e+19, -4.670957428506128e+18, 3.7432149725328696e+27, 6.654739307536492e+18, -1.6520705889930703e+19, 1.4360964851397732e+32]]
sigma_dmb
from cov matrix =
2.387940649521364e-16
relative bulk velocity
0.0
