n-power=
6
dm_mass=
0.0001
stepsize =
2e-17
fisher matrix =
[[334575.508397078, -93091.3484843993, 6716.857322845177, 10043504880910.682, -33146.24175880618, -113658.33044742532, 1710130021218853.8], [-93091.3484843993, 36880.126594313326, -2298.5929317732102, -2899122570641.7554, 10869.702261225888, 21421.548667525785, -2991045265640431.0], [6716.857322845177, -2298.5929317732107, 1076.8240604870093, 651167780612.0796, -2965.884780412927, -3755.0378597785266, 245272153490015.8], [10043504880910.682, -2899122570641.7554, 651167780612.0796, 9.033281405086142e+20, -3754667593147.7153, -2983488874610.942, -1.19515359109724e+23], [-33146.24175880618, 10869.702261225888, -2965.884780412927, -3754667593147.7153, 16664.90054540058, 9728.622717154847, 170355704832014.9], [-113658.33044742531, 21421.54866752579, -3755.037859778526, -2983488874610.942, 9728.622717154847, 75008.55489457533, -190728749625070.62], [1710130021218853.8, -2991045265640431.0, 245272153490015.8, -1.19515359109724e+23, 170355704832014.9, -190728749625070.62, 1.0611252883170496e+27]]
sigma_dmb
from cov matrix =
6.287293354891316e-14
relative bulk velocity
0.0
