n-power=
6
dm_mass=
0.001
stepsize =
5e-15
fisher matrix =
[[334575.508397078, -93091.3484843993, 6716.857322845177, 10043504880910.682, -33146.24175880618, -113658.33044742532, 1379864713033.738], [-93091.3484843993, 36880.126594313326, -2298.5929317732102, -2899122570641.7554, 10869.702261225888, 21421.548667525785, -3179721877513.3535], [6716.857322845177, -2298.5929317732107, 1076.8240604870093, 651167780612.0796, -2965.884780412927, -3755.0378597785266, 265343633403.9521], [10043504880910.682, -2899122570641.7554, 651167780612.0796, 9.033281405086142e+20, -3754667593147.7153, -2983488874610.942, -1.6047221535872428e+20], [-33146.24175880618, 10869.702261225888, -2965.884780412927, -3754667593147.7153, 16664.90054540058, 9728.622717154847, 284932023212.6199], [-113658.33044742531, 21421.54866752579, -3755.037859778526, -2983488874610.942, 9728.622717154847, 75008.55489457533, -108008585782.27939], [1379864713033.738, -3179721877513.3535, 265343633403.9521, -1.6047221535872428e+20, 284932023212.6199, -108008585782.2794, 1.335138443061945e+21]]
sigma_dmb
from cov matrix =
5.6144582136403965e-11
relative bulk velocity
0.0
