n-power=
6
dm_mass=
0.01
stepsize =
8e-12
fisher matrix =
[[283869463.56835717, -60997278.374325596, -18912236.779917523, 654900329180176.6, 2957046.9997130386, -2893012.967788466, 50169116899857.234], [-60997278.374325596, 33585936.82840459, 7561974.710442033, -1281397800119914.0, -1309309.6225795136, 5654817.8806241, -21967859557643.13], [-18912236.779917523, 7561974.710442033, 1960245.5749461956, -179192483598174.44, -305893.4223233945, 787374.855131063, -4163806092357.2954], [654900329180176.8, -1281397800119914.0, -179192483598174.47, 1.7553844158620006e+23, 185714510616030.97, -771430396932691.0, 3.423905041731359e+21], [2957046.9997130386, -1309309.6225795136, -305893.4223233945, 185714510616030.97, 388061.2815816893, -818252.6267549085, 6138079144605.482], [-2893012.9677884667, 5654817.8806241, 787374.855131063, -771430396932690.9, -818252.6267549086, 3393692.4900117232, -15113499916825.842], [50169116899857.23, -21967859557643.13, -4163806092357.2964, 3.423905041731359e+21, 6138079144605.482, -15113499916825.84, 1.2270954426617219e+20]]
sigma_dmb
from cov matrix =
2.5527207013568384e-10
relative bulk velocity
0.0
