n-power=
6
dm_mass=
0.01
stepsize =
8e-12
fisher matrix =
[[334575.508397078, -93091.3484843993, 6716.857322845177, 10043504880910.682, -33146.24175880618, -113658.33044742532, 1157990384.2923403], [-93091.3484843993, 36880.126594313326, -2298.5929317732102, -2899122570641.7554, 10869.702261225888, 21421.548667525785, -2612385021.13161], [6716.857322845177, -2298.5929317732107, 1076.8240604870093, 651167780612.0796, -2965.884780412927, -3755.0378597785266, 223195604.93691343], [10043504880910.682, -2899122570641.7554, 651167780612.0796, 9.033281405086142e+20, -3754667593147.7153, -2983488874610.942, -1.2706089026154726e+17], [-33146.24175880618, 10869.702261225888, -2965.884780412927, -3754667593147.7153, 16664.90054540058, 9728.622717154847, 213786446.0549844], [-113658.33044742531, 21421.54866752579, -3755.037859778526, -2983488874610.942, 9728.622717154847, 75008.55489457533, -108559098.6108535], [1157990384.2923403, -2612385021.13161, 223195604.93691343, -1.2706089026154726e+17, 213786446.0549844, -108559098.6108535, 900466604804344.6]]
sigma_dmb
from cov matrix =
6.787565432299208e-08
relative bulk velocity
0.0
