n-power=
6
dm_mass=
0.1
stepsize =
4.1984596819981804e-08
fisher matrix =
[[283869463.56835717, -60997278.374325596, -18912236.779917523, 654900329180176.6, 2957046.9997130386, -2893012.967788466, 46337870734.32309], [-60997278.374325596, 33585936.82840459, 7561974.710442033, -1281397800119914.0, -1309309.6225795136, 5654817.8806241, -20958338611.59116], [-18912236.779917523, 7561974.710442033, 1960245.5749461956, -179192483598174.44, -305893.4223233945, 787374.855131063, -4003760130.5957303], [654900329180176.8, -1281397800119914.0, -179192483598174.47, 1.7553844158620006e+23, 185714510616030.97, -771430396932691.0, 3.151921382363033e+18], [2957046.9997130386, -1309309.6225795136, -305893.4223233945, 185714510616030.97, 388061.2815816893, -818252.6267549085, 5592776436.114953], [-2893012.9677884667, 5654817.8806241, 787374.855131063, -771430396932690.9, -818252.6267549086, 3393692.4900117232, -13906351129.60986], [46337870734.32309, -20958338611.591152, -4003760130.5957313, 3.151921382363033e+18, 5592776436.114953, -13906351129.609861, 100209458140797.31]]
sigma_dmb
from cov matrix =
2.942421288311763e-07
relative bulk velocity
0.0
