n-power=
6
dm_mass=
1000
stepsize =
0.006354625877794253
fisher matrix =
[[283869463.56835717, -60997278.374325596, -18912236.779917523, 654900329180176.6, 2957046.9997130386, -2893012.967788466, 134593.6434345189], [-60997278.374325596, 33585936.82840459, 7561974.710442033, -1281397800119914.0, -1309309.6225795136, 5654817.8806241, -63325.85842209154], [-18912236.779917523, 7561974.710442033, 1960245.5749461956, -179192483598174.44, -305893.4223233945, 787374.855131063, -12151.763568824095], [654900329180176.8, -1281397800119914.0, -179192483598174.47, 1.7553844158620006e+23, 185714510616030.97, -771430396932691.0, 9169378405500.674], [2957046.9997130386, -1309309.6225795136, -305893.4223233945, 185714510616030.97, 388061.2815816893, -818252.6267549085, 16022.734169433617], [-2893012.9677884667, 5654817.8806241, 787374.855131063, -771430396932690.9, -818252.6267549086, 3393692.4900117232, -40449.473178724256], [134593.6434345189, -63325.85842209154, -12151.763568824095, 9169378405500.674, 16022.734169433617, -40449.473178724256, 803.7978526331218]]
sigma_dmb
from cov matrix =
0.11274093792120182
relative bulk velocity
0.0
