n-power=
6
dm_mass=
1000
stepsize =
0.006354625877794253
fisher matrix =
[[334575.508397078, -93091.3484843993, 6716.857322845177, 10043504880910.682, -33146.24175880618, -113658.33044742532, 4.315083861123698], [-93091.3484843993, 36880.126594313326, -2298.5929317732102, -2899122570641.7554, 10869.702261225888, 21421.548667525785, -6.347137490209708], [6716.857322845177, -2298.5929317732107, 1076.8240604870093, 651167780612.0796, -2965.884780412927, -3755.0378597785266, 0.5312073196868086], [10043504880910.682, -2899122570641.7554, 651167780612.0796, 9.033281405086142e+20, -3754667593147.7153, -2983488874610.942, -192345116.39286405], [-33146.24175880618, 10869.702261225888, -2965.884780412927, -3754667593147.7153, 16664.90054540058, 9728.622717154847, 0.154420152730361], [-113658.33044742531, 21421.54866752579, -3755.037859778526, -2983488874610.942, 9728.622717154847, 75008.55489457533, -0.5936357459333266], [4.315083861123698, -6.347137490209708, 0.5312073196868086, -192345116.39286405, 0.15442015273036103, -0.5936357459333267, 0.004396558146758071]]
sigma_dmb
from cov matrix =
30.825830082743373
relative bulk velocity
0.0
