n-power=
6
dm_mass=
100
stepsize =
0.0002904624438160811
fisher matrix =
[[334575.508397078, -93091.3484843993, 6716.857322845177, 10043504880910.682, -33146.24175880618, -113658.33044742532, 39.95488570731591], [-93091.3484843993, 36880.126594313326, -2298.5929317732102, -2899122570641.7554, 10869.702261225888, 21421.548667525785, -72.71292854031297], [6716.857322845177, -2298.5929317732107, 1076.8240604870093, 651167780612.0796, -2965.884780412927, -3755.0378597785266, 6.0634798295080214], [10043504880910.682, -2899122570641.7554, 651167780612.0796, 9.033281405086142e+20, -3754667593147.7153, -2983488874610.942, -2936285607.685582], [-33146.24175880618, 10869.702261225888, -2965.884780412927, -3754667593147.7153, 16664.90054540058, 9728.622717154847, 4.076417395653478], [-113658.33044742531, 21421.54866752579, -3755.037859778526, -2983488874610.942, 9728.622717154847, 75008.55489457533, -4.703859663840089], [39.95488570731591, -72.71292854031297, 6.0634798295080214, -2936285607.685582, 4.076417395653478, -4.703859663840089, 0.6416228189839134]]
sigma_dmb
from cov matrix =
2.535027502594616
relative bulk velocity
0.0
