n-power=
6
dm_mass=
100
stepsize =
0.0002904624438160811
fisher matrix =
[[283869463.56835717, -60997278.374325596, -18912236.779917523, 654900329180176.6, 2957046.9997130386, -2893012.967788466, 1588639.7377533705], [-60997278.374325596, 33585936.82840459, 7561974.710442033, -1281397800119914.0, -1309309.6225795136, 5654817.8806241, -725172.9236286908], [-18912236.779917523, 7561974.710442033, 1960245.5749461956, -179192483598174.44, -305893.4223233945, 787374.855131063, -139768.15293502386], [654900329180176.8, -1281397800119914.0, -179192483598174.47, 1.7553844158620006e+23, 185714510616030.97, -771430396932691.0, 106282649441675.33], [2957046.9997130386, -1309309.6225795136, -305893.4223233945, 185714510616030.97, 388061.2815816893, -818252.6267549085, 187573.7209566704], [-2893012.9677884667, 5654817.8806241, 787374.855131063, -771430396932690.9, -818252.6267549086, 3393692.4900117232, -468915.2717303968], [1588639.7377533705, -725172.9236286907, -139768.15293502386, 106282649441675.33, 187573.7209566704, -468915.2717303968, 111122.77265727508]]
sigma_dmb
from cov matrix =
0.009219478512434853
relative bulk velocity
0.0
