n-power=
6
dm_mass=
10
stepsize =
1.5243685743705978e-05
fisher matrix =
[[283869463.56835717, -60997278.374325596, -18912236.779917523, 654900329180176.6, 2957046.9997130386, -2893012.967788466, 18239452.089692798], [-60997278.374325596, 33585936.82840459, 7561974.710442033, -1281397800119914.0, -1309309.6225795136, 5654817.8806241, -8170692.88668742], [-18912236.779917523, 7561974.710442033, 1960245.5749461956, -179192483598174.44, -305893.4223233945, 787374.855131063, -1568005.044084801], [654900329180176.8, -1281397800119914.0, -179192483598174.47, 1.7553844158620006e+23, 185714510616030.97, -771430396932691.0, 1223721277649174.8], [2957046.9997130386, -1309309.6225795136, -305893.4223233945, 185714510616030.97, 388061.2815816893, -818252.6267549085, 2190103.809543516], [-2893012.9677884667, 5654817.8806241, 787374.855131063, -771430396932690.9, -818252.6267549086, 3393692.4900117232, -5400069.469028473], [18239452.089692798, -8170692.88668742, -1568005.0440848016, 1223721277649175.0, 2190103.809543516, -5400069.469028473, 15467089.152424779]]
sigma_dmb
from cov matrix =
0.0007293544168067975
relative bulk velocity
0.0
