n-power=
6
dm_mass=
10
stepsize =
1.5243685743705978e-05
fisher matrix =
[[334575.508397078, -93091.3484843993, 6716.857322845177, 10043504880910.682, -33146.24175880618, -113658.33044742532, 363.27883058054886], [-93091.3484843993, 36880.126594313326, -2298.5929317732102, -2899122570641.7554, 10869.702261225888, 21421.548667525785, -849.4868753827708], [6716.857322845177, -2298.5929317732107, 1076.8240604870093, 651167780612.0796, -2965.884780412927, -3755.0378597785266, 71.60967093124083], [10043504880910.682, -2899122570641.7554, 651167780612.0796, 9.033281405086142e+20, -3754667593147.7153, -2983488874610.942, -41913831275.74173], [-33146.24175880618, 10869.702261225888, -2965.884780412927, -3754667593147.7153, 16664.90054540058, 9728.622717154847, 70.99437109571087], [-113658.33044742531, 21421.54866752579, -3755.037859778526, -2983488874610.942, 9728.622717154847, 75008.55489457533, -33.79385441667297], [363.27883058054886, -849.4868753827708, 71.60967093124083, -41913831275.74173, 70.99437109571087, -33.79385441667297, 96.48258531018283]]
sigma_dmb
from cov matrix =
0.20581353258841026
relative bulk velocity
0.0
