n-power=
6
dm_mass=
1e-05
stepsize =
8e-21
fisher matrix =
[[283869463.56835717, -60997278.374325596, -18912236.779917523, 654900329180176.6, 2957046.9997130386, -2893012.967788466, 6.825029966572589e+22], [-60997278.374325596, 33585936.82840459, 7561974.710442033, -1281397800119914.0, -1309309.6225795136, 5654817.8806241, -3.144272148639225e+22], [-18912236.779917523, 7561974.710442033, 1960245.5749461956, -179192483598174.44, -305893.4223233945, 787374.855131063, -5.822747632647262e+21], [654900329180176.8, -1281397800119914.0, -179192483598174.47, 1.7553844158620006e+23, 185714510616030.97, -771430396932691.0, 4.8141155329092045e+30], [2957046.9997130386, -1309309.6225795136, -305893.4223233945, 185714510616030.97, 388061.2815816893, -818252.6267549085, 8.572912091313009e+21], [-2893012.9677884667, 5654817.8806241, 787374.855131063, -771430396932690.9, -818252.6267549086, 3393692.4900117232, -2.12808450255318e+22], [6.82502996657259e+22, -3.144272148639225e+22, -5.822747632647262e+21, 4.8141155329092045e+30, 8.572912091313008e+21, -2.12808450255318e+22, 2.4645095076392124e+38]]
sigma_dmb
from cov matrix =
1.700109929623758e-19
relative bulk velocity
0.0
