n-power=
6
dm_mass=
1
stepsize =
8e-07
fisher matrix =
[[283869463.56835717, -60997278.374325596, -18912236.779917523, 654900329180176.6, 2957046.9997130386, -2893012.967788466, 348293813.54516053], [-60997278.374325596, 33585936.82840459, 7561974.710442033, -1281397800119914.0, -1309309.6225795136, 5654817.8806241, -152349650.543165], [-18912236.779917523, 7561974.710442033, 1960245.5749461956, -179192483598174.44, -305893.4223233945, 787374.855131063, -29184447.331202604], [654900329180176.8, -1281397800119914.0, -179192483598174.47, 1.7553844158620006e+23, 185714510616030.97, -771430396932691.0, 2.316948664810967e+16], [2957046.9997130386, -1309309.6225795136, -305893.4223233945, 185714510616030.97, 388061.2815816893, -818252.6267549085, 41660161.57645438], [-2893012.9677884667, 5654817.8806241, 787374.855131063, -771430396932690.9, -818252.6267549086, 3393692.4900117232, -102261839.86118495], [348293813.5451606, -152349650.543165, -29184447.331202604, 2.316948664810967e+16, 41660161.57645438, -102261839.86118494, 5659738384.361225]]
sigma_dmb
from cov matrix =
3.717936383158353e-05
relative bulk velocity
0.0
