n-power=
6
dm_mass=
0.001
stepsize =
5e-15
fisher matrix =
[[38689341457.83366, -5362818719.258043, -1514628752.0685098, 2.0123291621707786e+17, 722016676.7070714, -885457065.0324104, 5.9591319140687454e+19], [-5362818719.258043, 1306325308.2861695, 356281042.1818493, -2.5035569924397972e+16, -81581231.77670474, 110165849.10599668, -5.976854388019686e+18], [-1514628752.0685098, 356281042.18184936, 97987110.05910282, -6652990128963406.0, -22855687.255963955, 29275128.997670814, -1.705188974716599e+18], [2.0123291621707786e+17, -2.5035569924397972e+16, -6652990128963406.0, 1.8112240032056673e+24, 5235339837961014.0, -7970711506386538.0, 3.7454936488517296e+26], [722016676.7070714, -81581231.77670474, -22855687.255963955, 5235339837961014.0, 17203704.706812263, -23038461.739678524, 1.3325598781916616e+18], [-885457065.0324104, 110165849.10599668, 29275128.997670814, -7970711506386537.0, -23038461.739678524, 35076971.37057968, -1.6481339964050652e+18], [5.959131914068746e+19, -5.976854388019686e+18, -1.7051889747165993e+18, 3.7454936488517296e+26, 1.3325598781916616e+18, -1.6481339964050652e+18, 1.2229338730709341e+29]]
sigma_dmb
from cov matrix =
9.874788559535469e-15
relative_bulk_velocity =
0.0
2-sigma zack's method =
1.535305593551026e-14