n-power=
6
dm_mass=
0.001
stepsize =
5e-15
fisher matrix =
[[38722912692.56028, -5400831812.69728, -1512407201.3107786, 2.0004590152567654e+17, 719715615.3290608, -885453654.0607411, 6.158529115420687e+19], [-5400831812.69728, 1349516295.2543473, 353749730.813514, -2.3677774040444652e+16, -79030079.2657795, 110161936.19364583, -8.206757365995976e+18], [-1512407201.3107786, 353749730.813514, 98135854.14581107, -6733085057995549.0, -23001320.238087177, 29275360.467272364, -1.5786043437636052e+18], [2.0004590152567654e+17, -2.3677774040444652e+16, -6733085057995549.0, 1.8546277029960924e+24, 5310020104695577.0, -7970837511702833.0, 3.107961798361253e+26], [719715615.3290607, -79030079.2657795, -23001320.238087177, 5310020104695576.0, 17398145.51549535, -23038669.76646371, 1.1419450453863584e+18], [-885453654.0607411, 110161936.19364583, 29275360.467272364, -7970837511702833.0, -23038669.76646371, 35076971.73757442, -1.647959019080257e+18], [6.158529115420687e+19, -8.206757365995976e+18, -1.5786043437636055e+18, 3.107961798361252e+26, 1.1419450453863584e+18, -1.647959019080257e+18, 3.960536465156504e+29]]
sigma_dmb
from cov matrix =
2.3371287242400682e-15
2-sigma =
5.796079236115369e-15
2-sigma zack's method =
3.636245093570247e-15