F = [[ 3.87798873e+10, -5.41308712e+09, -1.51618562e+09,
         2.00182908e+17,  7.20287137e+08, -8.86100452e+08,
         6.15965993e+19],
       [-5.41308712e+09,  1.35625561e+09,  3.55260747e+08,
        -2.39357931e+16, -7.92854194e+07,  1.11305753e+08,
        -8.21163492e+18],
       [-1.51618562e+09,  3.55260747e+08,  9.85285494e+07,
        -6.76853285e+15, -2.30642785e+07,  2.94305824e+07,
        -1.57952454e+18],
       [ 2.00182908e+17, -2.39357931e+16, -6.76853285e+15,
         1.89027739e+24,  5.34491021e+15, -8.12691368e+15,
         3.11570095e+26],
       [ 7.20287137e+08, -7.92854194e+07, -2.30642785e+07,
         5.34491021e+15,  1.74857567e+07, -2.31964831e+07,
         1.14334748e+18],
       [-8.86100452e+08,  1.11305753e+08,  2.94305824e+07,
        -8.12691368e+15, -2.31964831e+07,  3.58007154e+07,
        -1.65137643e+18],
       [ 6.15965993e+19, -8.21163492e+18, -1.57952454e+18,
         3.11570095e+26,  1.14334748e+18, -1.65137643e+18,
         3.96086398e+29]]


2 sigma=
3.617523163251013e-15