n-power=
6
dm_mass=
0.0001
stepsize =
2e-17
fisher matrix =
[[38722912692.56028, -5400831812.69728, -1512407201.3107786, 2.0004590152567654e+17, 719715615.3290608, -885453654.0607411, 5.442564442277e+22], [-5400831812.69728, 1349516295.2543473, 353749730.813514, -2.3677774040444652e+16, -79030079.2657795, 110161936.19364583, -7.148148495209039e+21], [-1512407201.3107786, 353749730.813514, 98135854.14581107, -6733085057995549.0, -23001320.238087177, 29275360.467272364, -1.4466705775589526e+21], [2.0004590152567654e+17, -2.3677774040444652e+16, -6733085057995549.0, 1.8546277029960924e+24, 5310020104695577.0, -7970837511702833.0, 2.8303268390217128e+29], [719715615.3290607, -79030079.2657795, -23001320.238087177, 5310020104695576.0, 17398145.51549535, -23038669.76646371, 1.032455729276583e+21], [-885453654.0607411, 110161936.19364583, 29275360.467272364, -7970837511702833.0, -23038669.76646371, 35076971.73757442, -1.462480186093517e+21], [5.442564442277e+22, -7.148148495209039e+21, -1.4466705775589526e+21, 2.8303268390217128e+29, 1.0324557292765831e+21, -1.462480186093517e+21, 2.5334252643814213e+35]]
sigma_dmb
from cov matrix =
3.0668702505787178e-18
2-sigma =
7.60583822143522e-18
2-sigma zack's method =
4.7712190564069055e-18