n-power=
6
dm_mass=
0.01
stepsize =
8e-12
fisher matrix =
[[38722912692.56028, -5400831812.69728, -1512407201.3107786, 2.0004590152567654e+17, 719715615.3290608, -885453654.0607411, 5.20470967063785e+16], [-5400831812.69728, 1349516295.2543473, 353749730.813514, -2.3677774040444652e+16, -79030079.2657795, 110161936.19364583, -6897560338431968.0], [-1512407201.3107786, 353749730.813514, 98135854.14581107, -6733085057995549.0, -23001320.238087177, 29275360.467272364, -1346226409730973.5], [2.0004590152567654e+17, -2.3677774040444652e+16, -6733085057995549.0, 1.8546277029960924e+24, 5310020104695577.0, -7970837511702833.0, 2.644103728036978e+23], [719715615.3290607, -79030079.2657795, -23001320.238087177, 5310020104695576.0, 17398145.51549535, -23038669.76646371, 970171394319356.4], [-885453654.0607411, 110161936.19364583, 29275360.467272364, -7970837511702833.0, -23038669.76646371, 35076971.73757442, -1391860111296467.5], [5.204709670637849e+16, -6897560338431968.0, -1346226409730973.5, 2.644103728036978e+23, 970171394319356.4, -1391860111296467.5, 2.6818325307582577e+23]]
sigma_dmb
from cov matrix =
2.8696422470445067e-12
2-sigma =
7.116712772670376e-12
2-sigma zack's method =
4.461301072823368e-12