n-power=
6
dm_mass=
0.1
stepsize =
4.1984596819981804e-08
fisher matrix =
[[38722912692.56028, -5400831812.69728, -1512407201.3107786, 2.0004590152567654e+17, 719715615.3290608, -885453654.0607411, 42780549198323.85], [-5400831812.69728, 1349516295.2543473, 353749730.813514, -2.3677774040444652e+16, -79030079.2657795, 110161936.19364583, -5564136333041.771], [-1512407201.3107786, 353749730.813514, 98135854.14581107, -6733085057995549.0, -23001320.238087177, 29275360.467272364, -1163397896990.6597], [2.0004590152567654e+17, -2.3677774040444652e+16, -6733085057995549.0, 1.8546277029960924e+24, 5310020104695577.0, -7970837511702833.0, 2.281739140063562e+20], [719715615.3290607, -79030079.2657795, -23001320.238087177, 5310020104695576.0, 17398145.51549535, -23038669.76646371, 826336579304.3065], [-885453654.0607411, 110161936.19364583, 29275360.467272364, -7970837511702833.0, -23038669.76646371, 35076971.73757442, -1158568233164.086], [42780549198323.85, -5564136333041.771, -1163397896990.6594, 2.281739140063562e+20, 826336579304.3065, -1158568233164.086, 1.3739611073480922e+17]]
sigma_dmb
from cov matrix =
4.325654701950953e-09
2-sigma =
1.0727623660838362e-08
2-sigma zack's method =
6.729393960413784e-09