n-power=
6
dm_mass=
1000
stepsize =
0.006354625877794253
fisher matrix =
[[38722912692.56028, -5400831812.69728, -1512407201.3107786, 2.0004590152567654e+17, 719715615.3290608, -885453654.0607411, 98456449.50101112], [-5400831812.69728, 1349516295.2543473, 353749730.813514, -2.3677774040444652e+16, -79030079.2657795, 110161936.19364583, -13521010.07249402], [-1512407201.3107786, 353749730.813514, 98135854.14581107, -6733085057995549.0, -23001320.238087177, 29275360.467272364, -2689405.710544676], [2.0004590152567654e+17, -2.3677774040444652e+16, -6733085057995549.0, 1.8546277029960924e+24, 5310020104695577.0, -7970837511702833.0, 527122827120154.4], [719715615.3290607, -79030079.2657795, -23001320.238087177, 5310020104695576.0, 17398145.51549535, -23038669.76646371, 1884411.4016126888], [-885453654.0607411, 110161936.19364583, 29275360.467272364, -7970837511702833.0, -23038669.76646371, 35076971.73757442, -2739408.425306908], [98456449.50101112, -13521010.07249402, -2689405.710544676, 527122827120154.4, 1884411.4016126888, -2739408.425306908, 895549.2135932946]]
sigma_dmb
from cov matrix =
0.00161188905119699
2-sigma =
0.003997484846968535
2-sigma zack's method =
0.0025082718408960167