n-power=
6
dm_mass=
1000
stepsize =
0.006354625877794253
fisher matrix =
[[38689341457.83366, -5362818719.258043, -1514628752.0685098, 2.0123291621707786e+17, 722016676.7070714, -885457065.0324104, 95476607.4343187], [-5362818719.258043, 1306325308.2861695, 356281042.1818493, -2.5035569924397972e+16, -81581231.77670474, 110165849.10599668, -10188867.857071886], [-1514628752.0685098, 356281042.18184936, 97987110.05910282, -6652990128963406.0, -22855687.255963955, 29275128.997670814, -2878675.300542335], [2.0123291621707786e+17, -2.5035569924397972e+16, -6652990128963406.0, 1.8112240032056673e+24, 5235339837961014.0, -7970711506386538.0, 622579223737863.0], [722016676.7070714, -81581231.77670474, -22855687.255963955, 5235339837961014.0, 17203704.706812263, -23038461.739678524, 2167159.5429674936], [-885457065.0324104, 110165849.10599668, 29275128.997670814, -7970711506386537.0, -23038461.739678524, 35076971.37057968, -2739670.7296706764], [95476607.4343187, -10188867.857071888, -2878675.300542335, 622579223737863.0, 2167159.5429674936, -2739670.7296706764, 312246.6715594374]]
sigma_dmb
from cov matrix =
0.0064476562047894445
relative_bulk_velocity =
0.0
2-sigma zack's method =
0.010024153303660646