n-power=
6
dm_mass=
100
stepsize =
0.0002904624438160811
fisher matrix =
[[38722912692.56028, -5400831812.69728, -1512407201.3107786, 2.0004590152567654e+17, 719715615.3290608, -885453654.0607411, 1222815501.886207], [-5400831812.69728, 1349516295.2543473, 353749730.813514, -2.3677774040444652e+16, -79030079.2657795, 110161936.19364583, -167469322.88710395], [-1512407201.3107786, 353749730.813514, 98135854.14581107, -6733085057995549.0, -23001320.238087177, 29275360.467272364, -32903140.837589417], [2.0004590152567654e+17, -2.3677774040444652e+16, -6733085057995549.0, 1.8546277029960924e+24, 5310020104695577.0, -7970837511702833.0, 6454262818480747.0], [719715615.3290607, -79030079.2657795, -23001320.238087177, 5310020104695576.0, 17398145.51549535, -23038669.76646371, 23206824.766386498], [-885453654.0607411, 110161936.19364583, 29275360.467272364, -7970837511702833.0, -23038669.76646371, 35076971.73757442, -33775417.27388743], [1222815501.886207, -167469322.88710395, -32903140.837589417, 6454262818480747.0, 23206824.766386498, -33775417.27388743, 145246291.43817824]]
sigma_dmb
from cov matrix =
0.0001247359628550319
2-sigma =
0.0003093451878804791
2-sigma zack's method =
0.00019402731748314792