n-power=
6
dm_mass=
10
stepsize =
1.5243685743705978e-05
fisher matrix =
[[38722912692.56028, -5400831812.69728, -1512407201.3107786, 2.0004590152567654e+17, 719715615.3290608, -885453654.0607411, 15316481383.839935], [-5400831812.69728, 1349516295.2543473, 353749730.813514, -2.3677774040444652e+16, -79030079.2657795, 110161936.19364583, -2091831676.5114477], [-1512407201.3107786, 353749730.813514, 98135854.14581107, -6733085057995549.0, -23001320.238087177, 29275360.467272364, -406430161.35614926], [2.0004590152567654e+17, -2.3677774040444652e+16, -6733085057995549.0, 1.8546277029960924e+24, 5310020104695577.0, -7970837511702833.0, 7.992326709570058e+16], [719715615.3290607, -79030079.2657795, -23001320.238087177, 5310020104695576.0, 17398145.51549535, -23038669.76646371, 288762722.4689842], [-885453654.0607411, 110161936.19364583, 29275360.467272364, -7970837511702833.0, -23038669.76646371, 35076971.73757442, -420706200.94424707], [15316481383.839937, -2091831676.5114477, -406430161.35614926, 7.992326709570058e+16, 288762722.46898425, -420706200.94424707, 23774726765.98199]]
sigma_dmb
from cov matrix =
9.646956097667407e-06
2-sigma =
2.392445112221517e-05
2-sigma zack's method =
1.5001047262433642e-05