n-power=
6
dm_mass=
1e-05
stepsize =
8e-21
fisher matrix =
[[38722912692.56028, -5400831812.69728, -1512407201.3107786, 2.0004590152567654e+17, 719715615.3290608, -885453654.0607411, 6.866021395127377e+25], [-5400831812.69728, 1349516295.2543473, 353749730.813514, -2.3677774040444652e+16, -79030079.2657795, 110161936.19364583, -9.713004948923901e+24], [-1512407201.3107786, 353749730.813514, 98135854.14581107, -6733085057995549.0, -23001320.238087177, 29275360.467272364, -1.7337246441382422e+24], [2.0004590152567654e+17, -2.3677774040444652e+16, -6733085057995549.0, 1.8546277029960924e+24, 5310020104695577.0, -7970837511702833.0, 3.356763998145071e+32], [719715615.3290607, -79030079.2657795, -23001320.238087177, 5310020104695576.0, 17398145.51549535, -23038669.76646371, 1.236389347080683e+24], [-885453654.0607411, 110161936.19364583, 29275360.467272364, -7970837511702833.0, -23038669.76646371, 35076971.73757442, -1.8564342617011513e+24], [6.866021395127377e+25, -9.713004948923901e+24, -1.7337246441382422e+24, 3.356763998145071e+32, 1.2363893470806828e+24, -1.856434261701151e+24, 6.2143399059200945e+41]]
sigma_dmb
from cov matrix =
1.8373411937837355e-21
2-sigma =
4.556606160583664e-21
2-sigma zack's method =
2.8587324125060935e-21