n-power=
6
dm_mass=
1
stepsize =
8e-07
fisher matrix =
[[38722912692.56028, -5400831812.69728, -1512407201.3107786, 2.0004590152567654e+17, 719715615.3290608, -885453654.0607411, 325195498358.1293], [-5400831812.69728, 1349516295.2543473, 353749730.813514, -2.3677774040444652e+16, -79030079.2657795, 110161936.19364583, -43760365254.83249], [-1512407201.3107786, 353749730.813514, 98135854.14581107, -6733085057995549.0, -23001320.238087177, 29275360.467272364, -8491563251.2055], [2.0004590152567654e+17, -2.3677774040444652e+16, -6733085057995549.0, 1.8546277029960924e+24, 5310020104695577.0, -7970837511702833.0, 1.6663215082274153e+18], [719715615.3290607, -79030079.2657795, -23001320.238087177, 5310020104695576.0, 17398145.51549535, -23038669.76646371, 6074615345.788602], [-885453654.0607411, 110161936.19364583, 29275360.467272364, -7970837511702833.0, -23038669.76646371, 35076971.73757442, -8790629178.069878], [325195498358.1293, -43760365254.83248, -8491563251.205499, 1.6663215082274153e+18, 6074615345.788602, -8790629178.069878, 10730031920432.45]]
sigma_dmb
from cov matrix =
4.524568742606984e-07
2-sigma =
1.122093048166532e-06
2-sigma zack's method =
7.039458439155936e-07