n-power=
6
dm_mass=
1
stepsize =
8e-07
fisher matrix =
[[38689341457.83366, -5362818719.258043, -1514628752.0685098, 2.0123291621707786e+17, 722016676.7070714, -885457065.0324104, 314828438414.61615], [-5362818719.258043, 1306325308.2861695, 356281042.1818493, -2.5035569924397972e+16, -81581231.77670474, 110165849.10599668, -32166888407.674244], [-1514628752.0685098, 356281042.18184936, 97987110.05910282, -6652990128963406.0, -22855687.255963955, 29275128.997670814, -9149764784.994434], [2.0123291621707786e+17, -2.5035569924397972e+16, -6652990128963406.0, 1.8112240032056673e+24, 5235339837961014.0, -7970711506386538.0, 1.9979072691205827e+18], [722016676.7070714, -81581231.77670474, -22855687.255963955, 5235339837961014.0, 17203704.706812263, -23038461.739678524, 7064234447.113366], [-885457065.0324104, 110165849.10599668, 29275128.997670814, -7970711506386537.0, -23038461.739678524, 35076971.37057968, -8791539460.99424], [314828438414.61615, -32166888407.674244, -9149764784.994434, 1.9979072691205827e+18, 7064234447.113366, -8791539460.99424, 3398588451849.4365]]
sigma_dmb
from cov matrix =
1.8906915350708425e-06
relative_bulk_velocity =
0.0
2-sigma zack's method =
2.940782509037047e-06