n-power=
2
dm_mass=
0.001
stepsize =
3.177312938897127e-21
fisher matrix =
[[20671096359666.508, -3307220554964.78, -938162584166.063, 1.102154116592432e+20, 400282612364.6523, -485117945417.9209, 2.0545577097267746e+30], [-3307220554964.78, 530524835788.4991, 150033214520.2806, -1.759170345517789e+19, -63850273779.28017, 77582911285.5573, -3.454195826710111e+29], [-938162584166.0627, 150033214520.2806, 42607087293.07779, -5.005758267102209e+18, -18183345474.41044, 22016809676.91245, -9.147550947026641e+28], [1.102154116592432e+20, -1.7591703455177888e+19, -5.005758267102209e+18, 5.895020648887457e+26, 2.1413529793457605e+18, -2.5894198668898253e+18, 1.0388872545785216e+37], [400282612364.6523, -63850273779.28017, -18183345474.41044, 2.1413529793457605e+18, 7782186181.533244, -9401639839.512737, 3.7102435780218897e+28], [-485117945417.92084, 77582911285.5573, 22016809676.91245, -2.5894198668898253e+18, -9401639839.512735, 11394243157.299028, -4.78777092871168e+28], [2.0545577097267746e+30, -3.454195826710111e+29, -9.147550947026641e+28, 1.0388872545785216e+37, 3.7102435780218893e+28, -4.78777092871168e+28, 4.638587012153819e+47]]
sigma_dmb
from cov matrix =
9.656593397260341e-24
2-sigma =
2.3948351625205644e-23
2-sigma zack's method =
1.5026084761938506e-23