n-power=
2
dm_mass=
0.0001
stepsize =
1e-23
fisher matrix =
[[20671096359666.508, -3307220554964.78, -938162584166.063, 1.102154116592432e+20, 400282612364.6523, -485117945417.9209, 2.396278108490745e+31], [-3307220554964.78, 530524835788.4991, 150033214520.2806, -1.759170345517789e+19, -63850273779.28017, 77582911285.5573, -4.3199444386143297e+30], [-938162584166.0627, 150033214520.2806, 42607087293.07779, -5.005758267102209e+18, -18183345474.41044, 22016809676.91245, -1.0365657838340753e+30], [1.102154116592432e+20, -1.7591703455177888e+19, -5.005758267102209e+18, 5.895020648887457e+26, 2.1413529793457605e+18, -2.5894198668898253e+18, 1.1141549262453994e+38], [400282612364.6523, -63850273779.28017, -18183345474.41044, 2.1413529793457605e+18, 7782186181.533244, -9401639839.512737, 3.8499391704402234e+29], [-485117945417.92084, 77582911285.5573, 22016809676.91245, -2.5894198668898253e+18, -9401639839.512735, 11394243157.299028, -5.523865507559051e+29], [2.396278108490745e+31, -4.319944438614331e+30, -1.0365657838340753e+30, 1.1141549262453994e+38, 3.8499391704402234e+29, -5.523865507559051e+29, 2.739672730852063e+50]]
sigma_dmb
from cov matrix =
1.9320312070616977e-25
2-sigma =
4.79143739351301e-25
2-sigma zack's method =
3.0073249796016667e-25