n-power=
2
dm_mass=
0.01
stepsize =
1.5924286822139892e-20
fisher matrix =
[[20671096359666.508, -3307220554964.78, -938162584166.063, 1.102154116592432e+20, 400282612364.6523, -485117945417.9209, 1.815719362583531e+29], [-3307220554964.78, 530524835788.4991, 150033214520.2806, -1.759170345517789e+19, -63850273779.28017, 77582911285.5573, -3.134030892706227e+28], [-938162584166.0627, 150033214520.2806, 42607087293.07779, -5.005758267102209e+18, -18183345474.41044, 22016809676.91245, -7.999294884071981e+27], [1.102154116592432e+20, -1.7591703455177888e+19, -5.005758267102209e+18, 5.895020648887457e+26, 2.1413529793457605e+18, -2.5894198668898253e+18, 8.908134740880648e+35], [400282612364.6523, -63850273779.28017, -18183345474.41044, 2.1413529793457605e+18, 7782186181.533244, -9401639839.512737, 3.1455781954230224e+27], [-485117945417.92084, 77582911285.5573, 22016809676.91245, -2.5894198668898253e+18, -9401639839.512735, 11394243157.299028, -4.2142412372948784e+27], [1.815719362583531e+29, -3.134030892706227e+28, -7.99929488407198e+27, 8.908134740880648e+35, 3.1455781954230224e+27, -4.2142412372948784e+27, 6.745013736254439e+45]]
sigma_dmb
from cov matrix =
5.1789937097680756e-23
2-sigma =
1.2843904400224827e-22
2-sigma zack's method =
8.048853356210667e-23