n-power=
2
dm_mass=
0.1
stepsize =
7.98104925987552e-20
fisher matrix =
[[20671096359666.508, -3307220554964.78, -938162584166.063, 1.102154116592432e+20, 400282612364.6523, -485117945417.9209, 1.2182871923741784e+28], [-3307220554964.78, 530524835788.4991, 150033214520.2806, -1.759170345517789e+19, -63850273779.28017, 77582911285.5573, -2.2041131367535785e+27], [-938162584166.0627, 150033214520.2806, 42607087293.07779, -5.005758267102209e+18, -18183345474.41044, 22016809676.91245, -5.261687484805068e+26], [1.102154116592432e+20, -1.7591703455177888e+19, -5.005758267102209e+18, 5.895020648887457e+26, 2.1413529793457605e+18, -2.5894198668898253e+18, 5.636059360779357e+34], [400282612364.6523, -63850273779.28017, -18183345474.41044, 2.1413529793457605e+18, 7782186181.533244, -9401639839.512737, 1.9461015146040407e+26], [-485117945417.92084, 77582911285.5573, 22016809676.91245, -2.5894198668898253e+18, -9401639839.512735, 11394243157.299028, -2.8064986256122187e+26], [1.2182871923741784e+28, -2.2041131367535788e+27, -5.261687484805068e+26, 5.636059360779357e+34, 1.9461015146040407e+26, -2.8064986256122187e+26, 7.219572818367166e+43]]
sigma_dmb
from cov matrix =
4.258022156697964e-22
2-sigma =
1.0559894948610952e-21
2-sigma zack's method =
6.6197856443848955e-22