n-power=
2
dm_mass=
1000
stepsize =
5.0357016471766674e-17
fisher matrix =
[[20671096359666.508, -3307220554964.78, -938162584166.063, 1.102154116592432e+20, 400282612364.6523, -485117945417.9209, -5.0287510301268276e+23], [-3307220554964.78, 530524835788.4991, 150033214520.2806, -1.759170345517789e+19, -63850273779.28017, 77582911285.5573, 2.5017167830039155e+22], [-938162584166.0627, 150033214520.2806, 42607087293.07779, -5.005758267102209e+18, -18183345474.41044, 22016809676.91245, 2.8599859378278187e+22], [1.102154116592432e+20, -1.7591703455177888e+19, -5.005758267102209e+18, 5.895020648887457e+26, 2.1413529793457605e+18, -2.5894198668898253e+18, -4.55432929022762e+30], [400282612364.6523, -63850273779.28017, -18183345474.41044, 2.1413529793457605e+18, 7782186181.533244, -9401639839.512737, -1.8701450691723888e+22], [-485117945417.92084, 77582911285.5573, 22016809676.91245, -2.5894198668898253e+18, -9401639839.512735, 11394243157.299028, 1.2970102040195494e+22], [-5.0287510301268276e+23, 2.501716783003914e+22, 2.859985937827818e+22, -4.55432929022762e+30, -1.8701450691723888e+22, 1.2970102040195494e+22, 3.03366257003441e+36]]
sigma_dmb
from cov matrix =
2.0652370919367827e-18
2-sigma =
5.121787988003221e-18
2-sigma zack's method =
3.215826873457992e-18