n-power=
2
dm_mass=
100
stepsize =
1.0047545726038318e-17
fisher matrix =
[[20671096359666.508, -3307220554964.78, -938162584166.063, 1.102154116592432e+20, 400282612364.6523, -485117945417.9209, -5.433419724032434e+24], [-3307220554964.78, 530524835788.4991, 150033214520.2806, -1.759170345517789e+19, -63850273779.28017, 77582911285.5573, 3.498882554267764e+23], [-938162584166.0627, 150033214520.2806, 42607087293.07779, -5.005758267102209e+18, -18183345474.41044, 22016809676.91245, 3.0071210522171472e+23], [1.102154116592432e+20, -1.7591703455177888e+19, -5.005758267102209e+18, 5.895020648887457e+26, 2.1413529793457605e+18, -2.5894198668898253e+18, -4.652582304752425e+31], [400282612364.6523, -63850273779.28017, -18183345474.41044, 2.1413529793457605e+18, 7782186181.533244, -9401639839.512737, -1.8916216735499242e+23], [-485117945417.92084, 77582911285.5573, 22016809676.91245, -2.5894198668898253e+18, -9401639839.512735, 11394243157.299028, 1.3847735806970993e+23], [-5.433419724032434e+24, 3.498882554267764e+23, 3.0071210522171472e+23, -4.652582304752425e+31, -1.8916216735499242e+23, 1.3847735806970995e+23, 2.6552031054686925e+38]]
sigma_dmb
from cov matrix =
2.244787772289022e-19
2-sigma =
5.567073675276774e-19
2-sigma zack's method =
3.4880508470125605e-19