n-power=
2
dm_mass=
10
stepsize =
2.0047489345090887e-18
fisher matrix =
[[20671096359666.508, -3307220554964.78, -938162584166.063, 1.102154116592432e+20, 400282612364.6523, -485117945417.9209, -5.365526683376778e+25], [-3307220554964.78, 530524835788.4991, 150033214520.2806, -1.759170345517789e+19, -63850273779.28017, 77582911285.5573, 3.981418649585674e+24], [-938162584166.0627, 150033214520.2806, 42607087293.07779, -5.005758267102209e+18, -18183345474.41044, 22016809676.91245, 2.914671589219815e+24], [1.102154116592432e+20, -1.7591703455177888e+19, -5.005758267102209e+18, 5.895020648887457e+26, 2.1413529793457605e+18, -2.5894198668898253e+18, -4.417092824722809e+32], [400282612364.6523, -63850273779.28017, -18183345474.41044, 2.1413529793457605e+18, 7782186181.533244, -9401639839.512737, -1.782587207111336e+24], [-485117945417.92084, 77582911285.5573, 22016809676.91245, -2.5894198668898253e+18, -9401639839.512735, 11394243157.299028, 1.3564622799433262e+24], [-5.365526683376778e+25, 3.981418649585672e+24, 2.9146715892198155e+24, -4.417092824722809e+32, -1.7825872071113363e+24, 1.3564622799433262e+24, 2.078368442164373e+40]]
sigma_dmb
from cov matrix =
2.5853640396193172e-20
2-sigma =
6.411702818255906e-20
2-sigma zack's method =
4.0225144224920624e-20