n-power=
2
dm_mass=
1e-05
stepsize =
1e-24
fisher matrix =
[[3584147641.2863207, -1800433734.8818953, -88668523.67609839, -1.5657911380126016e+16, -94903788.1324267, -72055595.60349812, 6.127451993811603e+30], [-1800433734.8818953, 1750787881.9506576, -29201887.856971662, 3.5953828320539868e+16, 176067015.4240997, 16563574.933011431, -7.887272954380695e+30], [-88668523.67609839, -29201887.856971655, 20247033.28831126, -3066566765812936.5, -12649776.88391743, 3649638.1059464784, 4.437712417687544e+29], [-1.5657911380126016e+16, 3.5953828320539868e+16, -3066566765812936.5, 1.4418250451910467e+24, 5585324937608545.0, -1801522690384533.0, -1.9964889124360426e+38], [-94903788.1324267, 176067015.4240997, -12649776.88391743, 5585324937608545.0, 24887173.29381523, -3686809.974521073, -1.0031339290239979e+30], [-72055595.6034981, 16563574.933011431, 3649638.1059464784, -1801522690384533.0, -3686809.974521073, 7917801.968955774, -1.365585877479966e+27], [6.127451993811603e+30, -7.887272954380695e+30, 4.437712417687544e+29, -1.9964889124360426e+38, -1.0031339290239979e+30, -1.365585877479966e+27, 4.930288197433856e+52]]
sigma_dmb
from cov matrix =
1.5498640576054845e-26
2-sigma =
3.8436628628616015e-26
2-sigma zack's method =
2.41125760274969e-26