n-power=
2
dm_mass=
1
stepsize =
4e-19
fisher matrix =
[[25889116232015.94, -4142103985853.826, -1174320697523.5164, 1.3798802661011823e+20, 501147261091.1609, -607369939459.8015, 2.6442286575350616e+26], [-4142103985853.8267, 664064528640.9474, 187816878335.97644, -2.2035418228992684e+19, -79982851077.14984, 97140939944.1797, -8.801829165543202e+25], [-1174320697523.5164, 187816878335.97644, 53296058070.83382, -6.262898503865866e+18, -22749991598.749367, 27550073181.773567, -6.903377676766929e+24], [1.3798802661011823e+20, -2.2035418228992684e+19, -6.262898503865866e+18, 7.373631545314234e+26, 2.678631115707918e+18, -3.240207634951248e+18, -2.0235142637448982e+32], [501147261091.1609, -79982851077.14983, -22749991598.749367, 2.678631115707918e+18, 9735126813.407946, -11765465798.958294, -2.9510514366835215e+24], [-607369939459.8015, 97140939944.1797, 27550073181.773567, -3.240207634951248e+18, -11765465798.958292, 14258582771.85994, -5.082007859222392e+24], [2.6442286575350616e+26, -8.801829165543202e+25, -6.903377676766929e+24, -2.0235142637448982e+32, -2.9510514366835215e+24, -5.082007859222392e+24, 2.2301841401128693e+42]]
sigma_dmb
from cov matrix =
2.401708765109423e-21
2-sigma =
5.9562377374713685e-21
2-sigma zack's method =
3.737524461343631e-21