n-power=
6
dm_mass=
0.001
stepsize =
5e-15
fisher matrix =
[[284377286.72229683, -61111739.97848561, -18903101.7183825, 659035207608472.6, 2920622.7412721864, -2985218.817921303, 5.829519262181716e+16], [-61111739.97848561, 33698251.599707045, 7554156.015874816, -1283699460265280.8, -1303214.3461170702, 5683680.867815896, -2.588631268434046e+16], [-18903101.7183825, 7554156.015874814, 1960538.6689072843, -178138296989380.5, -308013.71297867515, 780914.9433835647, -4733088594205652.0], [659035207608472.5, -1283699460265280.5, -178138296989380.5, 1.765702646382906e+23, 181792419590992.0, -774356933770897.8, 3.973792011049869e+24], [2920622.7412721864, -1303214.3461170702, -308013.7129786752, 181792419590992.03, 405041.79634023824, -808458.7752435027, 7130846748307533.0], [-2985218.817921303, 5683680.867815897, 780914.9433835647, -774356933770897.8, -808458.7752435027, 3468075.559675429, -1.761821868888192e+16], [5.829519262181716e+16, -2.588631268434046e+16, -4733088594205652.0, 3.973792011049869e+24, 7130846748307533.0, -1.761821868888192e+16, 1.9370204227229e+26]]
sigma_dmb
from cov matrix =
1.4165292965663593e-13
2-sigma =
2.2018173593641101e-13