n-power=
6
dm_mass=
0.0001
stepsize =
2e-17
fisher matrix =
[[284362037.19206256, -61086726.054757796, -18904912.304765932, 660235237313579.9, 2919382.78371493, -2985222.7749991296, 5.48790237586409e+19], [-61086726.054757796, 33651904.87117702, 7557647.303901125, -1286064393972441.8, -1300159.4582788798, 5683688.761948171, -2.5076305199964254e+19], [-18904912.304765932, 7557647.303901124, 1960272.553235516, -177956917578802.22, -308261.1829881083, 780914.3358875404, -4.657795237845565e+18], [660235237313579.5, -1286064393972442.0, -177956917578802.22, 1.7644623170536467e+23, 181966362220375.66, -774356517599389.9, 3.77161169334922e+27], [2919382.7837149296, -1300159.4582788798, -308261.1829881083, 181966362220375.7, 404742.9463836094, -808459.3674487228, 6.70057161850266e+18], [-2985222.7749991287, 5683688.761948171, 780914.3358875402, -774356517599389.9, -808459.3674487228, 3468075.5582776787, -1.6684620812637108e+19], [5.48790237586409e+19, -2.5076305199964254e+19, -4.657795237845566e+18, 3.77161169334922e+27, 6.70057161850266e+18, -1.6684620812637108e+19, 1.587324044453368e+32]]
sigma_dmb
from cov matrix =
1.7512134363586687e-16
2-sigma =
2.7230674979026863e-16