n-power=
6
dm_mass=
0.1
stepsize =
4.1984596819981804e-08
fisher matrix =
[[284362037.19206256, -61086726.054757796, -18904912.304765932, 660235237313579.9, 2919382.78371493, -2985222.7749991296, 50906797953.90375], [-61086726.054757796, 33651904.87117702, 7557647.303901125, -1286064393972441.8, -1300159.4582788798, 5683688.761948171, -23314428447.398033], [-18904912.304765932, 7557647.303901124, 1960272.553235516, -177956917578802.22, -308261.1829881083, 780914.3358875404, -4394625359.683866], [660235237313579.5, -1286064393972442.0, -177956917578802.22, 1.7644623170536467e+23, 181966362220375.66, -774356517599389.9, 3.4399690545829146e+18], [2919382.7837149296, -1300159.4582788798, -308261.1829881083, 181966362220375.7, 404742.9463836094, -808459.3674487228, 6088446616.717465], [-2985222.7749991287, 5683688.761948171, 780914.3358875402, -774356517599389.9, -808459.3674487228, 3468075.5582776787, -15203131684.703241], [50906797953.903755, -23314428447.398033, -4394625359.683866, 3.4399690545829146e+18, 6088446616.717465, -15203131684.703241, 125281304688123.7]]
sigma_dmb
from cov matrix =
2.1375549065093333e-07
2-sigma =
3.324834103001492e-07