n-power=
6
dm_mass=
1000
stepsize =
0.006354625877794253
fisher matrix =
[[284305362.34122974, -61011380.79661474, -18909870.63770958, 663310422725675.9, 2918834.7763865334, -2985232.5376811167, 249757.63791899677], [-61011380.79661473, 33544652.913486823, 7564943.644878147, -1290696407249238.0, -1297922.3108012574, 5683703.67362347, -125864.32480550351], [-18909870.63770958, 7564943.644878147, 1959768.6381527386, -177633700833382.7, -308460.13796005264, 780913.2891246994, -24742.34488581384], [663310422725676.0, -1290696407249238.0, -177633700833382.66, 1.762373734403774e+23, 182114320142771.88, -774355838333228.1, 16343164074998.184], [2918834.776386533, -1297922.3108012574, -308460.13796005264, 182114320142771.88, 404393.97181107197, -808459.8843466316, 27670.616214617934], [-2985232.537681117, 5683703.67362347, 780913.2891246995, -774355838333228.1, -808459.8843466315, 3468075.5560632213, -71917.97821264833], [249757.63791899677, -125864.32480550351, -24742.344885813836, 16343164074998.184, 27670.616214617934, -71917.97821264833, 2326.954631407868]]
sigma_dmb
from cov matrix =
0.07018045324276147
2-sigma =
0.10919102096573378