n-power=
6
dm_mass=
100
stepsize =
0.0002904624438160811
fisher matrix =
[[284362037.19206256, -61086726.054757796, -18904912.304765932, 660235237313579.9, 2919382.78371493, -2985222.7749991296, 2805220.0160936285], [-61086726.054757796, 33651904.87117702, 7557647.303901125, -1286064393972441.8, -1300159.4582788798, 5683688.761948171, -1410920.1552218879], [-18904912.304765932, 7557647.303901124, 1960272.553235516, -177956917578802.22, -308261.1829881083, 780914.3358875404, -270220.0272514898], [660235237313579.5, -1286064393972442.0, -177956917578802.22, 1.7644623170536467e+23, 181966362220375.66, -774356517599389.9, 183578133416555.8], [2919382.7837149296, -1300159.4582788798, -308261.1829881083, 181966362220375.7, 404742.9463836094, -808459.3674487228, 312779.90501811745], [-2985222.7749991287, 5683688.761948171, 780914.3358875402, -774356517599389.9, -808459.3674487228, 3468075.5582776787, -811436.9985435473], [2805220.0160936275, -1410920.1552218883, -270220.0272514898, 183578133416555.8, 312779.90501811745, -811436.9985435473, 323569.49321742944]]
sigma_dmb
from cov matrix =
0.0045258699374007925
2-sigma =
0.007048708685529227