n-power=
6
dm_mass=
1e-05
stepsize =
8e-21
fisher matrix =
[[284362037.19206256, -61086726.054757796, -18904912.304765932, 660235237313579.9, 2919382.78371493, -2985222.7749991296, 6.751446370719974e+22], [-61086726.054757796, 33651904.87117702, 7557647.303901125, -1286064393972441.8, -1300159.4582788798, 5683688.761948171, -3.1971262306118533e+22], [-18904912.304765932, 7557647.303901124, 1960272.553235516, -177956917578802.22, -308261.1829881083, 780914.3358875404, -5.736090446068755e+21], [660235237313579.5, -1286064393972442.0, -177956917578802.22, 1.7644623170536467e+23, 181966362220375.66, -774356517599389.9, 4.840476743720116e+30], [2919382.7837149296, -1300159.4582788798, -308261.1829881083, 181966362220375.7, 404742.9463836094, -808459.3674487228, 8.593526568116021e+21], [-2985222.7749991287, 5683688.761948171, 780914.3358875402, -774356517599389.9, -808459.3674487228, 3468075.5582776787, -2.146444942746242e+22], [6.751446370719973e+22, -3.1971262306118533e+22, -5.736090446068754e+21, 4.840476743720115e+30, 8.593526568116022e+21, -2.1464449427462425e+22, 2.8828268478909247e+38]]
sigma_dmb
from cov matrix =
1.1420168809571096e-19
2-sigma =
1.7757641992996074e-19