n-power=
6
dm_mass=
1
stepsize =
8e-07
fisher matrix =
[[284305362.34122974, -61011380.79661474, -18909870.63770958, 663310422725675.9, 2918834.7763865334, -2985232.5376811167, 494469484.7329193], [-61011380.79661473, 33544652.913486823, 7564943.644878147, -1290696407249238.0, -1297922.3108012574, 5683703.67362347, -224279113.78045374], [-18909870.63770958, 7564943.644878147, 1959768.6381527386, -177633700833382.7, -308460.13796005264, 780913.2891246994, -43654869.00913672], [663310422725676.0, -1290696407249238.0, -177633700833382.66, 1.762373734403774e+23, 182114320142771.88, -774355838333228.1, 3.2959627450048428e+16], [2918834.776386533, -1297922.3108012574, -308460.13796005264, 182114320142771.88, 404393.97181107197, -808459.8843466316, 58040328.24237154], [-2985232.537681117, 5683703.67362347, 780913.2891246995, -774355838333228.1, -808459.8843466315, 3468075.5560632213, -145042361.3827993], [494469484.7329193, -224279113.78045374, -43654869.00913671, 3.295962745004843e+16, 58040328.242371544, -145042361.3827993, 10469662569.330381]]
sigma_dmb
from cov matrix =
2.8990312292102333e-05
2-sigma =
4.5086120888721276e-05