n-power=
6
dm_mass=
0.001
stepsize =
5e-15
fisher matrix =
[[256435893581.12686, -29776046383.02648, -7419659687.458143, 8.808901786089398e+17, 3427601134.139993, -4228315504.6077895, 2.3049087354453177e+21], [-29776046383.026478, 8336506467.93758, 1028124901.3589946, 4043700566583479.0, 103003744.05470017, 419134005.55432063, -2.4999078995101457e+21], [-7419659687.458142, 1028124901.3589945, 357984694.2885425, -3.212505776823924e+16, -128414122.21582194, 116732473.65778747, 1.286353889259304e+20], [8.808901786089398e+17, 4043700566583473.0, -3.212505776823924e+16, 7.747932644628702e+24, 2.952788095956414e+16, -2.2729754413791104e+16, -6.0771654674522925e+28], [3427601134.139993, 103003744.05470017, -128414122.21582194, 2.952788095956414e+16, 122740777.63268231, -77727013.48449327, -3.079499664431244e+20], [-4228315504.6077895, 419134005.55432063, 116732473.65778747, -2.2729754413791104e+16, -77727013.48449329, 100292993.05216442, -7.204492322652613e+18], [2.3049087354453177e+21, -2.4999078995101457e+21, 1.286353889259304e+20, -6.0771654674522925e+28, -3.079499664431244e+20, -7.204492322652613e+18, 1.9700476627450317e+33]]
sigma_dmb
from cov matrix =
6.045027306019947e-17
2-sigma =
1.4991667718929467e-16
2-sigma zack's method =
9.408282729982085e-17