n-power=
6
dm_mass=
0.0001
stepsize =
2e-17
fisher matrix =
[[256435893581.12686, -29776046383.02648, -7419659687.458143, 8.808901786089398e+17, 3427601134.139993, -4228315504.6077895, 1.7174079090668872e+24], [-29776046383.026478, 8336506467.93758, 1028124901.3589946, 4043700566583479.0, 103003744.05470017, 419134005.55432063, -1.7979511249678927e+24], [-7419659687.458142, 1028124901.3589945, 357984694.2885425, -3.212505776823924e+16, -128414122.21582194, 116732473.65778747, 9.040051654298356e+22], [8.808901786089398e+17, 4043700566583473.0, -3.212505776823924e+16, 7.747932644628702e+24, 2.952788095956414e+16, -2.2729754413791104e+16, -4.331261226438275e+31], [3427601134.139993, 103003744.05470017, -128414122.21582194, 2.952788095956414e+16, 122740777.63268231, -77727013.48449327, -2.1938762064780344e+23], [-4228315504.6077895, 419134005.55432063, 116732473.65778747, -2.2729754413791104e+16, -77727013.48449329, 100292993.05216442, -6.32222432641944e+21], [1.7174079090668872e+24, -1.7979511249678927e+24, 9.040051654298356e+22, -4.331261226438275e+31, -2.1938762064780344e+23, -6.322224326419439e+21, 9.990527499397244e+38]]
sigma_dmb
from cov matrix =
8.749428887906477e-20
2-sigma =
2.169858364200806e-19
2-sigma zack's method =
1.361265349166453e-19