n-power=
6
dm_mass=
0.1
stepsize =
4.1984596819981804e-08
fisher matrix =
[[256435893581.12686, -29776046383.02648, -7419659687.458143, 8.808901786089398e+17, 3427601134.139993, -4228315504.6077895, 1198930500537707.5], [-29776046383.026478, 8336506467.93758, 1028124901.3589946, 4043700566583479.0, 103003744.05470017, 419134005.55432063, -1223676458342493.5], [-7419659687.458142, 1028124901.3589945, 357984694.2885425, -3.212505776823924e+16, -128414122.21582194, 116732473.65778747, 60438464380635.24], [8.808901786089398e+17, 4043700566583473.0, -3.212505776823924e+16, 7.747932644628702e+24, 2.952788095956414e+16, -2.2729754413791104e+16, -2.927047687938684e+22], [3427601134.139993, 103003744.05470017, -128414122.21582194, 2.952788095956414e+16, 122740777.63268231, -77727013.48449327, -148244874616302.84], [-4228315504.6077895, 419134005.55432063, 116732473.65778747, -2.2729754413791104e+16, -77727013.48449329, 100292993.05216442, -4905002403892.865], [1198930500537707.5, -1223676458342493.5, 60438464380635.24, -2.927047687938684e+22, -148244874616302.84, -4905002403892.864, 4.563430391966137e+20]]
sigma_dmb
from cov matrix =
1.3229667944316612e-10
2-sigma =
3.2809576501905197e-10
2-sigma zack's method =
2.0581478759276723e-10