n-power=
6
dm_mass=
1000
stepsize =
0.006354625877794253
fisher matrix =
[[256435893581.12686, -29776046383.02648, -7419659687.458143, 8.808901786089398e+17, 3427601134.139993, -4228315504.6077895, 3147047577.7444973], [-29776046383.026478, 8336506467.93758, 1028124901.3589946, 4043700566583479.0, 103003744.05470017, 419134005.55432063, -3365657868.535742], [-7419659687.458142, 1028124901.3589945, 357984694.2885425, -3.212505776823924e+16, -128414122.21582194, 116732473.65778747, 170986803.62370935], [8.808901786089398e+17, 4043700566583473.0, -3.212505776823924e+16, 7.747932644628702e+24, 2.952788095956414e+16, -2.2729754413791104e+16, -8.14395624970601e+16], [3427601134.139993, 103003744.05470017, -128414122.21582194, 2.952788095956414e+16, 122740777.63268231, -77727013.48449327, -412170542.4562837], [-4228315504.6077895, 419134005.55432063, 116732473.65778747, -2.2729754413791104e+16, -77727013.48449329, 100292993.05216442, -10844316.695315395], [3147047577.7444973, -3365657868.535742, 170986803.62370935, -8.14395624970601e+16, -412170542.4562837, -10844316.695315395, 3498559882.5225415]]
sigma_dmb
from cov matrix =
4.716419166839349e-05
2-sigma =
0.00011696719533761585
2-sigma zack's method =
7.33723764901255e-05