n-power=
6
dm_mass=
1e-05
stepsize =
8e-21
fisher matrix =
[[256435893581.12686, -29776046383.02648, -7419659687.458143, 8.808901786089398e+17, 3427601134.139993, -4228315504.6077895, 2.733766178136087e+27], [-29776046383.026478, 8336506467.93758, 1028124901.3589946, 4043700566583479.0, 103003744.05470017, 419134005.55432063, -3.00896782816764e+27], [-7419659687.458142, 1028124901.3589945, 357984694.2885425, -3.212505776823924e+16, -128414122.21582194, 116732473.65778747, 1.561082412470485e+26], [8.808901786089398e+17, 4043700566583473.0, -3.212505776823924e+16, 7.747932644628702e+24, 2.952788095956414e+16, -2.2729754413791104e+16, -7.345977094494271e+34], [3427601134.139993, 103003744.05470017, -128414122.21582194, 2.952788095956414e+16, 122740777.63268231, -77727013.48449327, -3.7128709290285234e+26], [-4228315504.6077895, 419134005.55432063, 116732473.65778747, -2.2729754413791104e+16, -77727013.48449329, 100292993.05216442, -7.890271615873242e+24], [2.733766178136087e+27, -3.00896782816764e+27, 1.561082412470485e+26, -7.345977094494271e+34, -3.7128709290285234e+26, -7.890271615873241e+24, 2.8204096499926732e+45]]
sigma_dmb
from cov matrix =
5.2255068060512304e-23
2-sigma =
1.2959256879007052e-22
2-sigma zack's method =
8.128048712050029e-23