n-power=
6
dm_mass=
1
stepsize =
8e-07
fisher matrix =
[[256435893581.12686, -29776046383.02648, -7419659687.458143, 8.808901786089398e+17, 3427601134.139993, -4228315504.6077895, 11772992123128.37], [-29776046383.026478, 8336506467.93758, 1028124901.3589946, 4043700566583479.0, 103003744.05470017, 419134005.55432063, -12739249723495.201], [-7419659687.458142, 1028124901.3589945, 357984694.2885425, -3.212505776823924e+16, -128414122.21582194, 116732473.65778747, 653853866009.1206], [8.808901786089398e+17, 4043700566583473.0, -3.212505776823924e+16, 7.747932644628702e+24, 2.952788095956414e+16, -2.2729754413791104e+16, -3.094177454176271e+20], [3427601134.139993, 103003744.05470017, -128414122.21582194, 2.952788095956414e+16, 122740777.63268231, -77727013.48449327, -1567597902407.5742], [-4228315504.6077895, 419134005.55432063, 116732473.65778747, -2.2729754413791104e+16, -77727013.48449329, 100292993.05216442, -37475296695.59438], [11772992123128.37, -12739249723495.201, 653853866009.1206, -3.094177454176271e+20, -1567597902407.5742, -37475296695.59438, 5.096013124951447e+16]]
sigma_dmb
from cov matrix =
1.1970759566387626e-08
2-sigma =
2.9687483724641313e-08
2-sigma zack's method =
4.0860458629640526e-07