n-power=
6
dm_mass=
0.01
stepsize =
8e-12
fisher matrix =
[[256435893581.12686, -29776046383.02648, -7419659687.458143, 8.808901786089398e+17, 3427601134.139993, -4228315504.6077895, 1.885872391893036e+18], [-29776046383.026478, 8336506467.93758, 1028124901.3589946, 4043700566583479.0, 103003744.05470017, 419134005.55432063, -2.0276798305118776e+18], [-7419659687.458142, 1028124901.3589945, 357984694.2885425, -3.212505776823924e+16, -128414122.21582194, 116732473.65778747, 1.0376396570276962e+17], [8.808901786089398e+17, 4043700566583473.0, -3.212505776823924e+16, 7.747932644628702e+24, 2.952788095956414e+16, -2.2729754413791104e+16, -4.918405514474591e+25], [3427601134.139993, 103003744.05470017, -128414122.21582194, 2.952788095956414e+16, 122740777.63268231, -77727013.48449327, -2.4924453536648016e+17], [-4228315504.6077895, 419134005.55432063, 116732473.65778747, -2.2729754413791104e+16, -77727013.48449329, 100292993.05216442, -6147556062724426.0], [1.885872391893036e+18, -2.0276798305118776e+18, 1.0376396570276962e+17, -4.918405514474591e+25, -2.4924453536648016e+17, -6147556062724426.0, 1.2914069222445452e+27]]
sigma_dmb
from cov matrix =
7.49989952973558e-14
2-sigma =
1.8599750833744237e-13
2-sigma zack's method =
