n-power=
6
dm_mass=
1000
stepsize =
0.006354625877794253
fisher matrix =
[[256435893581.12686, -29776046383.02648, -7419659687.458143, 8.808901786089398e+17, 3427601134.139993, -4228315504.6077895, 4354755176.25336], [-29776046383.026478, 8336506467.93758, 1028124901.3589946, 4043700566583479.0, 103003744.05470017, 419134005.55432063, -4784637243.489782], [-7419659687.458142, 1028124901.3589945, 357984694.2885425, -3.212505776823924e+16, -128414122.21582194, 116732473.65778747, 246121132.39640933], [8.808901786089398e+17, 4043700566583473.0, -3.212505776823924e+16, 7.747932644628702e+24, 2.952788095956414e+16, -2.2729754413791104e+16, -1.165149913586681e+17], [3427601134.139993, 103003744.05470017, -128414122.21582194, 2.952788095956414e+16, 122740777.63268231, -77727013.48449327, -588001668.8260818], [-4228315504.6077895, 419134005.55432063, 116732473.65778747, -2.2729754413791104e+16, -77727013.48449329, 100292993.05216442, -13422038.268802462], [4354755176.25336, -4784637243.489782, 246121132.39640933, -1.165149913586681e+17, -588001668.8260818, -13422038.268802466, 6990805148.21302]]
sigma_dmb
from cov matrix =
3.466651556589278e-05
2-sigma =
8.59729586034141e-05
2-sigma zack's method =
5.392217638511987e-05