n-power=
6
dm_mass=
100
stepsize =
0.0002904624438160811
fisher matrix =
[[256435893581.12686, -29776046383.02648, -7419659687.458143, 8.808901786089398e+17, 3427601134.139993, -4228315504.6077895, 56766701172.26546], [-29776046383.026478, 8336506467.93758, 1028124901.3589946, 4043700566583479.0, 103003744.05470017, 419134005.55432063, -62461953943.84438], [-7419659687.458142, 1028124901.3589945, 357984694.2885425, -3.212505776823924e+16, -128414122.21582194, 116732473.65778747, 3221487281.983328], [8.808901786089398e+17, 4043700566583473.0, -3.212505776823924e+16, 7.747932644628702e+24, 2.952788095956414e+16, -2.2729754413791104e+16, -1.5220240996738755e+18], [3427601134.139993, 103003744.05470017, -128414122.21582194, 2.952788095956414e+16, 122740777.63268231, -77727013.48449327, -7689049346.167535], [-4228315504.6077895, 419134005.55432063, 116732473.65778747, -2.2729754413791104e+16, -77727013.48449329, 100292993.05216442, -171650409.38290542], [56766701172.26546, -62461953943.84438, 3221487281.983328, -1.5220240996738755e+18, -7689049346.167535, -171650409.38290542, 1202845846922.5713]]
sigma_dmb
from cov matrix =
2.5834355917550906e-06
2-sigma =
6.406920267552625e-06
2-sigma zack's method =
