n-power=
6
dm_mass=
10
stepsize =
1.5243685743705978e-05
fisher matrix =
[[256435893581.12686, -29776046383.02648, -7419659687.458143, 8.808901786089398e+17, 3427601134.139993, -4228315504.6077895, 724513592640.7328], [-29776046383.026478, 8336506467.93758, 1028124901.3589946, 4043700566583479.0, 103003744.05470017, 419134005.55432063, -796578508485.5171], [-7419659687.458142, 1028124901.3589945, 357984694.2885425, -3.212505776823924e+16, -128414122.21582194, 116732473.65778747, 41121344367.82098], [8.808901786089398e+17, 4043700566583473.0, -3.212505776823924e+16, 7.747932644628702e+24, 2.952788095956414e+16, -2.2729754413791104e+16, -1.940996111831098e+19], [3427601134.139993, 103003744.05470017, -128414122.21582194, 2.952788095956414e+16, 122740777.63268231, -77727013.48449327, -98137780404.5605], [-4228315504.6077895, 419134005.55432063, 116732473.65778747, -2.2729754413791104e+16, -77727013.48449329, 100292993.05216442, -2183660714.3776584], [724513592640.7328, -796578508485.5171, 41121344367.82098, -1.940996111831098e+19, -98137780404.5605, -2183660714.3776584, 196951582578420.03]]
sigma_dmb
from cov matrix =
1.986701120538176e-07
2-sigma =
4.927018778934676e-07
2-sigma zack's method =
3.090527901112541e-07