n-power=
6
dm_mass=
1
stepsize =
8e-07
fisher matrix =
[[256435893581.12686, -29776046383.02648, -7419659687.458143, 8.808901786089398e+17, 3427601134.139993, -4228315504.6077895, 14174834998934.2], [-29776046383.026478, 8336506467.93758, 1028124901.3589946, 4043700566583479.0, 103003744.05470017, 419134005.55432063, -15380322677298.824], [-7419659687.458142, 1028124901.3589945, 357984694.2885425, -3.212505776823924e+16, -128414122.21582194, 116732473.65778747, 789732005848.7272], [8.808901786089398e+17, 4043700566583473.0, -3.212505776823924e+16, 7.747932644628702e+24, 2.952788095956414e+16, -2.2729754413791104e+16, -3.737265335986216e+20], [3427601134.139993, 103003744.05470017, -128414122.21582194, 2.952788095956414e+16, 122740777.63268231, -77727013.48449327, -1892207818665.8193], [-4228315504.6077895, 419134005.55432063, 116732473.65778747, -2.2729754413791104e+16, -77727013.48449329, 100292993.05216442, -44902620094.08873], [14174834998934.2, -15380322677298.824, 789732005848.7272, -3.737265335986216e+20, -1892207818665.8193, -44902620094.08873, 7.393306703310216e+16]]
sigma_dmb
from cov matrix =
1.0048087610215459e-08
2-sigma =
2.4919257273334338e-08
2-sigma zack's method =
1.563766088586139e-08