n-power=
6
dm_mass=
0.001
stepsize =
5e-15
fisher matrix =
[[3584147641.2863207, -1800433734.8818953, -88668523.67609839, -1.5657911380126016e+16, -94903788.1324267, -72055595.60349812, 7.62788145451521e+20], [-1800433734.8818953, 1750787881.9506576, -29201887.856971662, 3.5953828320539868e+16, 176067015.4240997, 16563574.933011431, -9.859221450043644e+20], [-88668523.67609839, -29201887.856971655, 20247033.28831126, -3066566765812936.5, -12649776.88391743, 3649638.1059464784, 5.556119665624914e+19], [-1.5657911380126016e+16, 3.5953828320539868e+16, -3066566765812936.5, 1.4418250451910467e+24, 5585324937608545.0, -1801522690384533.0, -2.495555877337019e+28], [-94903788.1324267, 176067015.4240997, -12649776.88391743, 5585324937608545.0, 24887173.29381523, -3686809.974521073, -1.2576952184542773e+20], [-72055595.6034981, 16563574.933011431, 3649638.1059464784, -1801522690384533.0, -3686809.974521073, 7917801.968955774, -9.734280629847011e+16], [7.62788145451521e+20, -9.859221450043644e+20, 5.556119665624914e+19, -2.495555877337019e+28, -1.2576952184542773e+20, -9.734280629847013e+16, 7.88545415375158e+32]]
sigma_dmb
from cov matrix =
1.145361420399318e-16
2-sigma =
2.8404963225903087e-16
2-sigma zack's method =
1.7814702095323325e-16