n-power=
6
dm_mass=
0.01
stepsize =
8e-12
fisher matrix =
[[3584147641.2863207, -1800433734.8818953, -88668523.67609839, -1.5657911380126016e+16, -94903788.1324267, -72055595.60349812, 6.18094622618947e+17], [-1800433734.8818953, 1750787881.9506576, -29201887.856971662, 3.5953828320539868e+16, 176067015.4240997, 16563574.933011431, -7.985730730942848e+17], [-88668523.67609839, -29201887.856971655, 20247033.28831126, -3066566765812936.5, -12649776.88391743, 3649638.1059464784, 4.4996243221039816e+16], [-1.5657911380126016e+16, 3.5953828320539868e+16, -3066566765812936.5, 1.4418250451910467e+24, 5585324937608545.0, -1801522690384533.0, -2.0213017648077107e+25], [-94903788.1324267, 176067015.4240997, -12649776.88391743, 5585324937608545.0, 24887173.29381523, -3686809.974521073, -1.0184471947068394e+17], [-72055595.6034981, 16563574.933011431, 3649638.1059464784, -1801522690384533.0, -3686809.974521073, 7917801.968955774, -85148550758036.22], [6.18094622618947e+17, -7.985730730942848e+17, 4.4996243221039816e+16, -2.0213017648077107e+25, -1.0184471947068394e+17, -85148550758036.22, 5.16299971946958e+26]]
sigma_dmb
from cov matrix =
1.4235517774359573e-13
2-sigma =
3.5304084080411743e-13
2-sigma zack's method =
2.213542327690934e-13