n-power=
6
dm_mass=
0.1
stepsize =
4.1984596819981804e-08
fisher matrix =
[[3584147641.2863207, -1800433734.8818953, -88668523.67609839, -1.5657911380126016e+16, -94903788.1324267, -72055595.60349812, 389329122898753.6], [-1800433734.8818953, 1750787881.9506576, -29201887.856971662, 3.5953828320539868e+16, 176067015.4240997, 16563574.933011431, -500805219590705.44], [-88668523.67609839, -29201887.856971655, 20247033.28831126, -3066566765812936.5, -12649776.88391743, 3649638.1059464784, 28173618689568.145], [-1.5657911380126016e+16, 3.5953828320539868e+16, -3066566765812936.5, 1.4418250451910467e+24, 5585324937608545.0, -1801522690384533.0, -1.2675076011225726e+22], [-94903788.1324267, 176067015.4240997, -12649776.88391743, 5585324937608545.0, 24887173.29381523, -3686809.974521073, -63688467632496.766], [-72055595.6034981, 16563574.933011431, 3649638.1059464784, -1801522690384533.0, -3686809.974521073, 7917801.968955774, -93663195323.50842], [389329122898753.6, -500805219590705.44, 28173618689568.145, -1.2675076011225726e+22, -63688467632496.766, -93663195323.50842, 1.986150390254451e+20]]
sigma_dmb
from cov matrix =
2.4529170756094826e-10
2-sigma =
6.083234347511517e-10
2-sigma zack's method =
3.815000422897344e-10