n-power=
6
dm_mass=
1000
stepsize =
0.006354625877794253
fisher matrix =
[[3584147641.2863207, -1800433734.8818953, -88668523.67609839, -1.5657911380126016e+16, -94903788.1324267, -72055595.60349812, 1467061328.0992336], [-1800433734.8818953, 1750787881.9506576, -29201887.856971662, 3.5953828320539868e+16, 176067015.4240997, 16563574.933011431, -1885925788.224924], [-88668523.67609839, -29201887.856971655, 20247033.28831126, -3066566765812936.5, -12649776.88391743, 3649638.1059464784, 106046703.98878805], [-1.5657911380126016e+16, 3.5953828320539868e+16, -3066566765812936.5, 1.4418250451910467e+24, 5585324937608545.0, -1801522690384533.0, -4.7745666667122504e+16], [-94903788.1324267, 176067015.4240997, -12649776.88391743, 5585324937608545.0, 24887173.29381523, -3686809.974521073, -239596924.92352307], [-72055595.6034981, 16563574.933011431, 3649638.1059464784, -1801522690384533.0, -3686809.974521073, 7917801.968955774, -351602.6074364663], [1467061328.0992336, -1885925788.224924, 106046703.98878805, -4.7745666667122504e+16, -239596924.92352307, -351602.6074364663, 2794804908.2030272]]
sigma_dmb
from cov matrix =
6.686484556417703e-05
2-sigma =
0.00016582481699915902
2-sigma zack's method =
0.00010393344863952319