n-power=
6
dm_mass=
100
stepsize =
0.0002904624438160811
fisher matrix =
[[3584147641.2863207, -1800433734.8818953, -88668523.67609839, -1.5657911380126016e+16, -94903788.1324267, -72055595.60349812, 19129542369.87099], [-1800433734.8818953, 1750787881.9506576, -29201887.856971662, 3.5953828320539868e+16, 176067015.4240997, 16563574.933011431, -24629539062.57108], [-88668523.67609839, -29201887.856971655, 20247033.28831126, -3066566765812936.5, -12649776.88391743, 3649638.1059464784, 1385757714.213816], [-1.5657911380126016e+16, 3.5953828320539868e+16, -3066566765812936.5, 1.4418250451910467e+24, 5585324937608545.0, -1801522690384533.0, -6.234998723840726e+17], [-94903788.1324267, 176067015.4240997, -12649776.88391743, 5585324937608545.0, 24887173.29381523, -3686809.974521073, -3132672209.406658], [-72055595.6034981, 16563574.933011431, 3649638.1059464784, -1801522690384533.0, -3686809.974521073, 7917801.968955774, -3992873.5196067756], [19129542369.87099, -24629539062.57108, 1385757714.213816, -6.234998723840726e+17, -3132672209.406658, -3992873.5196067756, 480902168840.8339]]
sigma_dmb
from cov matrix =
4.955633925017913e-06
2-sigma =
1.2289972134044423e-05
2-sigma zack's method =
7.705294544682859e-06