n-power=
6
dm_mass=
10
stepsize =
1.5243685743705978e-05
fisher matrix =
[[3584147641.2863207, -1800433734.8818953, -88668523.67609839, -1.5657911380126016e+16, -94903788.1324267, -72055595.60349812, 243731980738.15247], [-1800433734.8818953, 1750787881.9506576, -29201887.856971662, 3.5953828320539868e+16, 176067015.4240997, 16563574.933011431, -314141777435.3046], [-88668523.67609839, -29201887.856971655, 20247033.28831126, -3066566765812936.5, -12649776.88391743, 3649638.1059464784, 17681850961.78862], [-1.5657911380126016e+16, 3.5953828320539868e+16, -3066566765812936.5, 1.4418250451910467e+24, 5585324937608545.0, -1801522690384533.0, -7.951886444987672e+18], [-94903788.1324267, 176067015.4240997, -12649776.88391743, 5585324937608545.0, 24887173.29381523, -3686809.974521073, -39988788360.58142], [-72055595.6034981, 16563574.933011431, 3649638.1059464784, -1801522690384533.0, -3686809.974521073, 7917801.968955774, -46351097.01719557], [243731980738.15247, -314141777435.3046, 17681850961.78862, -7.951886444987672e+18, -39988788360.58142, -46351097.017195575, 78743818829606.64]]
sigma_dmb
from cov matrix =
3.7969551042474124e-07
2-sigma =
9.416448658533583e-07
2-sigma zack's method =
5.909197195459109e-07