n-power=
6
dm_mass=
1e-05
stepsize =
8e-21
fisher matrix =
[[3584147641.2863207, -1800433734.8818953, -88668523.67609839, -1.5657911380126016e+16, -94903788.1324267, -72055595.60349812, 9.202152285525623e+26], [-1800433734.8818953, 1750787881.9506576, -29201887.856971662, 3.5953828320539868e+16, 176067015.4240997, 16563574.933011431, -1.1874592872440601e+27], [-88668523.67609839, -29201887.856971655, 20247033.28831126, -3066566765812936.5, -12649776.88391743, 3649638.1059464784, 6.690694659083167e+25], [-1.5657911380126016e+16, 3.5953828320539868e+16, -3066566765812936.5, 1.4418250451910467e+24, 5585324937608545.0, -1801522690384533.0, -3.0075675213339917e+34], [-94903788.1324267, 176067015.4240997, -12649776.88391743, 5585324937608545.0, 24887173.29381523, -3686809.974521073, -1.5125291771744309e+26], [-72055595.6034981, 16563574.933011431, 3649638.1059464784, -1801522690384533.0, -3686809.974521073, 7917801.968955774, -1.1199109976812357e+23], [9.202152285525623e+26, -1.1874592872440601e+27, 6.690694659083167e+25, -3.0075675213339917e+34, -1.5125291771744309e+26, -1.1199109976812357e+23, 1.1276984213666558e+45]]
sigma_dmb
from cov matrix =
9.977444409506001e-23
2-sigma =
2.474406213557488e-22
2-sigma zack's method =
1.5527702813208093e-22