n-power=
6
dm_mass=
1
stepsize =
8e-07
fisher matrix =
[[3584147641.2863207, -1800433734.8818953, -88668523.67609839, -1.5657911380126016e+16, -94903788.1324267, -72055595.60349812, 4695552949118.827], [-1800433734.8818953, 1750787881.9506576, -29201887.856971662, 3.5953828320539868e+16, 176067015.4240997, 16563574.933011431, -6060438742380.52], [-88668523.67609839, -29201887.856971655, 20247033.28831126, -3066566765812936.5, -12649776.88391743, 3649638.1059464784, 341326982515.19684], [-1.5657911380126016e+16, 3.5953828320539868e+16, -3066566765812936.5, 1.4418250451910467e+24, 5585324937608545.0, -1801522690384533.0, -1.5339806271359045e+20], [-94903788.1324267, 176067015.4240997, -12649776.88391743, 5585324937608545.0, 24887173.29381523, -3686809.974521073, -772310781851.6385], [-72055595.6034981, 16563574.933011431, 3649638.1059464784, -1801522690384533.0, -3686809.974521073, 7917801.968955774, -763056062.1635628], [4695552949118.827, -6060438742380.52, 341326982515.19684, -1.5339806271359045e+20, -772310781851.6385, -763056062.1635628, 2.9558774451946676e+16]]
sigma_dmb
from cov matrix =
1.9124837432538048e-08
2-sigma =
4.742959683269436e-08
2-sigma zack's method =
2.9741289349590705e-08