n-power=
2
dm_mass=
0.01
stepsize =
1.5924286822139892e-20
fisher matrix =
[[40312360224.58108, -7366609584.176529, -1401873947.8174148, 1.491573327577693e+17, 482628117.2138655, -885331362.3243467, 3.566421592905611e+27], [-7366609584.176529, 3798357948.6697364, 215942365.4393903, 3.954022658174082e+16, 218693135.9005992, 110011232.10191569, -4.272286240263241e+27], [-1401873947.8174148, 215942365.4393903, 105892441.6132205, -1.0290655695388452e+16, -39757253.66155561, 29283834.743676975, 2.3027248163520604e+26], [1.491573327577693e+17, 3.954022658174082e+16, -1.0290655695388452e+16, 3.48994274287534e+24, 1.2954463850662194e+16, -7974749921315457.0, -1.0599610900321399e+35], [482628117.2138655, 218693135.90059918, -39757253.6615556, 1.2954463850662194e+16, 54128867.473838836, -23056707.692575853, -5.303505167718415e+26], [-885331362.3243469, 110011232.10191569, 29283834.743676975, -7974749921315457.0, -23056707.692575853, 35076981.51054808, -8.09752206404766e+24], [3.566421592905611e+27, -4.272286240263241e+27, 2.3027248163520604e+26, -1.0599610900321399e+35, -5.303505167718415e+26, -8.09752206404766e+24, 8.305433113481859e+45]]
sigma_dmb
from cov matrix =
4.15671724065139e-23
2-sigma =
1.0308658756815448e-22
2-sigma zack's method =
6.46723535670751e-23