n-power=
2
dm_mass=
0.1
stepsize =
7.98104925987552e-20
fisher matrix =
[[40312360224.58108, -7366609584.176529, -1401873947.8174148, 1.491573327577693e+17, 482628117.2138655, -885331362.3243467, 3.670435611252597e+26], [-7366609584.176529, 3798357948.6697364, 215942365.4393903, 3.954022658174082e+16, 218693135.9005992, 110011232.10191569, -4.4979351084793644e+26], [-1401873947.8174148, 215942365.4393903, 105892441.6132205, -1.0290655695388452e+16, -39757253.66155561, 29283834.743676975, 2.4573722375129047e+25], [1.491573327577693e+17, 3.954022658174082e+16, -1.0290655695388452e+16, 3.48994274287534e+24, 1.2954463850662194e+16, -7974749921315457.0, -1.12268178053724e+34], [482628117.2138655, 218693135.90059918, -39757253.6615556, 1.2954463850662194e+16, 54128867.473838836, -23056707.692575853, -5.633927467343668e+25], [-885331362.3243469, 110011232.10191569, 29283834.743676975, -7974749921315457.0, -23056707.692575853, 35076981.51054808, -5.9815836487326645e+23], [3.670435611252597e+26, -4.4979351084793644e+26, 2.4573722375129047e+25, -1.12268178053724e+34, -5.633927467343668e+25, -5.9815836487326645e+23, 9.497741766936444e+43]]
sigma_dmb
from cov matrix =
3.5247646455852265e-22
2-sigma =
8.741416321051362e-22
2-sigma zack's method =
5.48663395258528e-22