n-power=
2
dm_mass=
1000
stepsize =
5.0357016471766674e-17
fisher matrix =
[[40312360224.58108, -7366609584.176529, -1401873947.8174148, 1.491573327577693e+17, 482628117.2138655, -885331362.3243467, 6.20030186604632e+22], [-7366609584.176529, 3798357948.6697364, 215942365.4393903, 3.954022658174082e+16, 218693135.9005992, 110011232.10191569, -7.839744047976238e+22], [-1401873947.8174148, 215942365.4393903, 105892441.6132205, -1.0290655695388452e+16, -39757253.66155561, 29283834.743676975, 4.348973072409968e+21], [1.491573327577693e+17, 3.954022658174082e+16, -1.0290655695388452e+16, 3.48994274287534e+24, 1.2954463850662194e+16, -7974749921315457.0, -1.9746858884704215e+30], [482628117.2138655, 218693135.90059918, -39757253.6615556, 1.2954463850662194e+16, 54128867.473838836, -23056707.692575853, -9.887971854700002e+21], [-885331362.3243469, 110011232.10191569, 29283834.743676975, -7974749921315457.0, -23056707.692575853, 35076981.51054808, -4.7344875217697735e+19], [6.20030186604632e+22, -7.839744047976238e+22, 4.348973072409968e+21, -1.9746858884704215e+30, -9.887971854700002e+21, -4.734487521769774e+19, 2.897868461340066e+36]]
sigma_dmb
from cov matrix =
2.0183189536787026e-18
2-sigma =
5.005431005123182e-18
2-sigma zack's method =
3.138251605872465e-18