n-power=
2
dm_mass=
100
stepsize =
1.0047545726038318e-17
fisher matrix =
[[40312360224.58108, -7366609584.176529, -1401873947.8174148, 1.491573327577693e+17, 482628117.2138655, -885331362.3243467, 5.803095923149029e+23], [-7366609584.176529, 3798357948.6697364, 215942365.4393903, 3.954022658174082e+16, 218693135.9005992, 110011232.10191569, -7.343506728365769e+23], [-1401873947.8174148, 215942365.4393903, 105892441.6132205, -1.0290655695388452e+16, -39757253.66155561, 29283834.743676975, 4.0745803521739714e+22], [1.491573327577693e+17, 3.954022658174082e+16, -1.0290655695388452e+16, 3.48994274287534e+24, 1.2954463850662194e+16, -7974749921315457.0, -1.8503695957426526e+31], [482628117.2138655, 218693135.90059918, -39757253.6615556, 1.2954463850662194e+16, 54128867.473838836, -23056707.692575853, -9.259841456360087e+22], [-885331362.3243469, 110011232.10191569, 29283834.743676975, -7974749921315457.0, -23056707.692575853, 35076981.51054808, -4.299588166810503e+20], [5.803095923149029e+23, -7.343506728365769e+23, 4.0745803521739714e+22, -1.8503695957426526e+31, -9.259841456360087e+22, -4.2995881668105044e+20, 2.5338467494878874e+38]]
sigma_dmb
from cov matrix =
2.184372298945028e-19
2-sigma =
5.417243301383669e-19
2-sigma zack's method =
3.3981709443319404e-19d