n-power=
2
dm_mass=
10
stepsize =
2.0047489345090887e-18
fisher matrix =
[[40312360224.58108, -7366609584.176529, -1401873947.8174148, 1.491573327577693e+17, 482628117.2138655, -885331362.3243467, 5.202830168162076e+24], [-7366609584.176529, 3798357948.6697364, 215942365.4393903, 3.954022658174082e+16, 218693135.9005992, 110011232.10191569, -6.576844073185947e+24], [-1401873947.8174148, 215942365.4393903, 105892441.6132205, -1.0290655695388452e+16, -39757253.66155561, 29283834.743676975, 3.646370863785728e+23], [1.491573327577693e+17, 3.954022658174082e+16, -1.0290655695388452e+16, 3.48994274287534e+24, 1.2954463850662194e+16, -7974749921315457.0, -1.656905277729814e+32], [482628117.2138655, 218693135.90059918, -39757253.6615556, 1.2954463850662194e+16, 54128867.473838836, -23056707.692575853, -8.287069177524762e+23], [-885331362.3243469, 110011232.10191569, 29283834.743676975, -7974749921315457.0, -23056707.692575853, 35076981.51054808, -4.0176318598394057e+21], [5.202830168162076e+24, -6.576844073185947e+24, 3.646370863785728e+23, -1.656905277729814e+32, -8.287069177524762e+23, -4.0176318598394046e+21, 2.0240266084105628e+40]]
sigma_dmb
from cov matrix =
2.4769346686313168e-20
2-sigma =
6.142797978205666e-20
2-sigma zack's method =
3.855766026303343e-20