#exp n mass(GeV) w_lensing wo_lensing
#0 1e-6 
0 1e-3 1.23e-27 4.09e-27
0 1 8.35e-27 2.68e-26
0 1000 2.76e-24 3.73e-24
#2 1e-6
2 1e-3 8.70e-23 2.22e-22
2 1 8.37e-20 3.33e-19
2 1000 5.81e-17 2.28e-16
#4 1e-6 
4 1e-3 2.54e-18 3.12e-18
4 1 3.39e-13 1.41e-12
4 1000 6.27e-10 2.417e-09
#6 1e-6
6 1e-3 3.64e-15 1.54e-14
6 1 7.04e-07 2.94e-06
6 1000 2.51e-03 1.00e-02
#-2 1e-6
-2 1e-3 1.93e-34 4.03e-34
-2 1 3.84e-34 8.19e-34
-2 1000 1.89e-31 3.65e-31
#-4 1e-6
-4 1e-3 2.80e-42 3.41e-42
-4 1 5.89e-42 7.19e-42
-4 1000 3.06e-39 3.74e-39