n-power=
2
dm_mass=
0.001
stepsize =
3.177312938897127e-21
fisher matrix =
[[38689341457.83366, -5362818719.258043, -1514628752.0685098, 2.0123291621707786e+17, 722016676.7070714, -885457065.0324104, 2.729222936684647e+27], [-5362818719.258043, 1306325308.2861695, 356281042.1818493, -2.5035569924397972e+16, -81581231.77670474, 110165849.10599668, -3.7310315384077706e+26], [-1514628752.0685098, 356281042.18184936, 97987110.05910282, -6652990128963406.0, -22855687.255963955, 29275128.997670814, -1.0128653754915025e+26], [2.0123291621707786e+17, -2.5035569924397972e+16, -6652990128963406.0, 1.8112240032056673e+24, 5235339837961014.0, -7970711506386538.0, 2.1678863651481723e+34], [722016676.7070714, -81581231.77670474, -22855687.255963955, 5235339837961014.0, 17203704.706812263, -23038461.739678524, 6.816430548023557e+25], [-885457065.0324104, 110165849.10599668, 29275128.997670814, -7970711506386537.0, -23038461.739678524, 35076971.37057968, -9.541629001500069e+25], [2.729222936684647e+27, -3.7310315384077706e+26, -1.0128653754915025e+26, 2.1678863651481723e+34, 6.816430548023557e+25, -9.541629001500069e+25, 3.8005342665099395e+44]]
sigma_dmb
from cov matrix =
1.4291692196862815e-22
relative_bulk_velocity =
0.0
2-sigma zack's method =
2.223201491955581e-22