n-power=
2
dm_mass=
0.0001
stepsize =
1e-23
fisher matrix =
[[38722912692.56028, -5400831812.69728, -1512407201.3107786, 2.0004590152567654e+17, 719715615.3290608, -885453654.0607411, 3.86552254742008e+28], [-5400831812.69728, 1349516295.2543473, 353749730.813514, -2.3677774040444652e+16, -79030079.2657795, 110161936.19364583, -5.489168803954804e+27], [-1512407201.3107786, 353749730.813514, 98135854.14581107, -6733085057995549.0, -23001320.238087177, 29275360.467272364, -1.0626367591784026e+27], [2.0004590152567654e+17, -2.3677774040444652e+16, -6733085057995549.0, 1.8546277029960924e+24, 5310020104695577.0, -7970837511702833.0, 2.0737751005930523e+35], [719715615.3290607, -79030079.2657795, -23001320.238087177, 5310020104695576.0, 17398145.51549535, -23038669.76646371, 7.35941320696073e+26], [-885453654.0607411, 110161936.19364583, 29275360.467272364, -7970837511702833.0, -23038669.76646371, 35076971.73757442, -1.0922954956973622e+27], [3.86552254742008e+28, -5.489168803954804e+27, -1.0626367591784028e+27, 2.0737751005930523e+35, 7.35941320696073e+26, -1.0922954956973622e+27, 1.5431397883830628e+47]]
sigma_dmb
from cov matrix =
3.814175123836313e-24
2-sigma =
9.459154307114057e-24
2-sigma zack's method =
5.936880200642953e-24