n-power=
2
dm_mass=
0.001
stepsize =
3.177312938897127e-21
fisher matrix =
[[38722912692.56028, -5400831812.69728, -1512407201.3107786, 2.0004590152567654e+17, 719715615.3290608, -885453654.0607411, 2.8243734600526386e+27], [-5400831812.69728, 1349516295.2543473, 353749730.813514, -2.3677774040444652e+16, -79030079.2657795, 110161936.19364583, -4.7946776402014204e+26], [-1512407201.3107786, 353749730.813514, 98135854.14581107, -6733085057995549.0, -23001320.238087177, 29275360.467272364, -9.52217129863385e+25], [2.0004590152567654e+17, -2.3677774040444652e+16, -6733085057995549.0, 1.8546277029960924e+24, 5310020104695577.0, -7970837511702833.0, 1.8593438373971836e+34], [719715615.3290607, -79030079.2657795, -23001320.238087177, 5310020104695576.0, 17398145.51549535, -23038669.76646371, 5.95553375907688e+25], [-885453654.0607411, 110161936.19364583, 29275360.467272364, -7970837511702833.0, -23038669.76646371, 35076971.73757442, -9.54077488603359e+25], [2.8243734600526386e+27, -4.7946776402014204e+26, -9.522171298633851e+25, 1.8593438373971836e+34, 5.95553375907688e+25, -9.54077488603359e+25, 8.347260647264261e+44]]
sigma_dmb
from cov matrix =
5.591598833591419e-23
2-sigma =
1.386716510730672e-22
2-sigma zack's method =
8.704641113024161e-23