n-power=
2
dm_mass=
0.01
stepsize =
1.5924286822139892e-20
fisher matrix =
[[38722912692.56028, -5400831812.69728, -1512407201.3107786, 2.0004590152567654e+17, 719715615.3290608, -885453654.0607411, 2.6984042227481783e+26], [-5400831812.69728, 1349516295.2543473, 353749730.813514, -2.3677774040444652e+16, -79030079.2657795, 110161936.19364583, -4.172769224661814e+25], [-1512407201.3107786, 353749730.813514, 98135854.14581107, -6733085057995549.0, -23001320.238087177, 29275360.467272364, -8.27996587202393e+24], [2.0004590152567654e+17, -2.3677774040444652e+16, -6733085057995549.0, 1.8546277029960924e+24, 5310020104695577.0, -7970837511702833.0, 1.6158358568185694e+33], [719715615.3290607, -79030079.2657795, -23001320.238087177, 5310020104695576.0, 17398145.51549535, -23038669.76646371, 5.435476148277074e+24], [-885453654.0607411, 110161936.19364583, 29275360.467272364, -7970837511702833.0, -23038669.76646371, 35076971.73757442, -8.345319642877241e+24], [2.698404222748178e+26, -4.172769224661814e+25, -8.279965872023931e+24, 1.6158358568185694e+33, 5.435476148277074e+24, -8.345319642877241e+24, 7.02876784846954e+42]]
sigma_dmb
from cov matrix =
5.966929588591188e-22
2-sigma =
1.4797985379706146e-21
2-sigma zack's method =
9.282287107411596e-22