n-power=
2
dm_mass=
0.1
stepsize =
7.98104925987552e-20
fisher matrix =
[[38722912692.56028, -5400831812.69728, -1512407201.3107786, 2.0004590152567654e+17, 719715615.3290608, -885453654.0607411, 2.05140066872736e+25], [-5400831812.69728, 1349516295.2543473, 353749730.813514, -2.3677774040444652e+16, -79030079.2657795, 110161936.19364583, -3.300523148878045e+24], [-1512407201.3107786, 353749730.813514, 98135854.14581107, -6733085057995549.0, -23001320.238087177, 29275360.467272364, -6.165200929732942e+23], [2.0004590152567654e+17, -2.3677774040444652e+16, -6733085057995549.0, 1.8546277029960924e+24, 5310020104695577.0, -7970837511702833.0, 1.1633964689752457e+32], [719715615.3290607, -79030079.2657795, -23001320.238087177, 5310020104695576.0, 17398145.51549535, -23038669.76646371, 3.9496680788833474e+23], [-885453654.0607411, 110161936.19364583, 29275360.467272364, -7970837511702833.0, -23038669.76646371, 35076971.73757442, -6.241679062303657e+23], [2.05140066872736e+25, -3.3005231488780454e+24, -6.165200929732942e+23, 1.1633964689752457e+32, 3.9496680788833474e+23, -6.241679062303657e+23, 5.249949664712797e+40]]
sigma_dmb
from cov matrix =
6.537442443893817e-21
2-sigma =
1.6212857260856667e-20
2-sigma zack's method =
1.0178972240549634e-20