n-power=
2
dm_mass=
1000.0
stepsize =
6e-18
fisher matrix =
[[38722912692.56028, -5400831812.69728, -1512407201.3107786, 2.0004590152567654e+17, 719715615.3290608, -885453654.0607411, 1.6088161189314654e+21], [-5400831812.69728, 1349516295.2543473, 353749730.813514, -2.3677774040444652e+16, -79030079.2657795, 110161936.19364583, -4.202662709732798e+20], [-1512407201.3107786, 353749730.813514, 98135854.14581107, -6733085057995549.0, -23001320.238087177, 29275360.467272364, -5.491985556088328e+19], [2.0004590152567654e+17, -2.3677774040444652e+16, -6733085057995549.0, 1.8546277029960924e+24, 5310020104695577.0, -7970837511702833.0, 7.487502555939718e+27], [719715615.3290607, -79030079.2657795, -23001320.238087177, 5310020104695576.0, 17398145.51549535, -23038669.76646371, 2.3202503902898606e+19], [-885453654.0607411, 110161936.19364583, 29275360.467272364, -7970837511702833.0, -23038669.76646371, 35076971.73757442, -5.5186904933427945e+19], [1.6088161189314654e+21, -4.202662709732798e+20, -5.491985556088328e+19, 7.487502555939718e+27, 2.3202503902898606e+19, -5.518690493342794e+19, 1.5941077243998028e+33]]
sigma_dmb
from cov matrix =
3.4517997190431624e-17
relative_bulk_velocity =
0.0
2-sigma zack's method =
5.365022810535739e-17