n-power=
2
dm_mass=
1000
stepsize =
5.0357016471766674e-17
fisher matrix =
[[38722912692.56028, -5400831812.69728, -1512407201.3107786, 2.0004590152567654e+17, 719715615.3290608, -885453654.0607411, 1.473198521606407e+21], [-5400831812.69728, 1349516295.2543473, 353749730.813514, -2.3677774040444652e+16, -79030079.2657795, 110161936.19364583, -3.973407839051894e+20], [-1512407201.3107786, 353749730.813514, 98135854.14581107, -6733085057995549.0, -23001320.238087177, 29275360.467272364, -5.1884449107199074e+19], [2.0004590152567654e+17, -2.3677774040444652e+16, -6733085057995549.0, 1.8546277029960924e+24, 5310020104695577.0, -7970837511702833.0, 7.026728191976052e+27], [719715615.3290607, -79030079.2657795, -23001320.238087177, 5310020104695576.0, 17398145.51549535, -23038669.76646371, 2.126881836946105e+19], [-885453654.0607411, 110161936.19364583, 29275360.467272364, -7970837511702833.0, -23038669.76646371, 35076971.73757442, -5.1888601610605584e+19], [1.473198521606407e+21, -3.973407839051894e+20, -5.1884449107199074e+19, 7.026728191976051e+27, 2.126881836946105e+19, -5.1888601610605584e+19, 1.386562459683426e+33]]
sigma_dmb
from cov matrix =
3.734547559007877e-17
2-sigma =
9.261677946339534e-17
2-sigma zack's method =
5.809172122274477e-17