n-power=
2
dm_mass=
1000
stepsize =
5.0357016471766674e-17
fisher matrix =
[[38689341457.83366, -5362818719.258043, -1514628752.0685098, 2.0123291621707786e+17, 722016676.7070714, -885457065.0324104, 1.3258123371354818e+21], [-5362818719.258043, 1306325308.2861695, 356281042.1818493, -2.5035569924397972e+16, -81581231.77670474, 110165849.10599668, -2.3251515623198117e+20], [-1514628752.0685098, 356281042.18184936, 97987110.05910282, -6652990128963406.0, -22855687.255963955, 29275128.997670814, -6.127227955947845e+19], [2.0123291621707786e+17, -2.5035569924397972e+16, -6652990128963406.0, 1.8112240032056673e+24, 5235339837961014.0, -7970711506386538.0, 1.1790298236264745e+28], [722016676.7070714, -81581231.77670474, -22855687.255963955, 5235339837961014.0, 17203704.706812263, -23038461.739678524, 3.4814214651371258e+19], [-885457065.0324104, 110165849.10599668, 29275128.997670814, -7970711506386537.0, -23038461.739678524, 35076971.37057968, -5.190175838100211e+19], [1.3258123371354818e+21, -2.3251515623198117e+20, -6.127227955947845e+19, 1.1790298236264747e+28, 3.4814214651371258e+19, -5.190175838100211e+19, 1.8605777822461564e+32]]
sigma_dmb
from cov matrix =
1.4681736716828462e-16
relative_bulk_velocity =
0.0
2-sigma zack's method =
2.284220283552975e-16