n-power=
2
dm_mass=
100
stepsize =
1.0047545726038318e-17
fisher matrix =
[[38722912692.56028, -5400831812.69728, -1512407201.3107786, 2.0004590152567654e+17, 719715615.3290608, -885453654.0607411, 1.306152431175453e+22], [-5400831812.69728, 1349516295.2543473, 353749730.813514, -2.3677774040444652e+16, -79030079.2657795, 110161936.19364583, -3.732942284819478e+21], [-1512407201.3107786, 353749730.813514, 98135854.14581107, -6733085057995549.0, -23001320.238087177, 29275360.467272364, -4.7400268208955936e+20], [2.0004590152567654e+17, -2.3677774040444652e+16, -6733085057995549.0, 1.8546277029960924e+24, 5310020104695577.0, -7970837511702833.0, 6.16880807491611e+28], [719715615.3290607, -79030079.2657795, -23001320.238087177, 5310020104695576.0, 17398145.51549535, -23038669.76646371, 1.815834413125259e+20], [-885453654.0607411, 110161936.19364583, 29275360.467272364, -7970837511702833.0, -23038669.76646371, 35076971.73757442, -4.725478784610007e+20], [1.306152431175453e+22, -3.732942284819478e+21, -4.7400268208955936e+20, 6.168808074916109e+28, 1.815834413125259e+20, -4.725478784610007e+20, 1.2608228367340887e+35]]
sigma_dmb
from cov matrix =
3.920736988469466e-18
2-sigma =
9.723427731404274e-18
2-sigma zack's method =
6.098414953107296e-18