n-power=
2
dm_mass=
10
stepsize =
2.0047489345090887e-18
fisher matrix =
[[38722912692.56028, -5400831812.69728, -1512407201.3107786, 2.0004590152567654e+17, 719715615.3290608, -885453654.0607411, 1.2070432044354734e+23], [-5400831812.69728, 1349516295.2543473, 353749730.813514, -2.3677774040444652e+16, -79030079.2657795, 110161936.19364583, -3.458350618548715e+22], [-1512407201.3107786, 353749730.813514, 98135854.14581107, -6733085057995549.0, -23001320.238087177, 29275360.467272364, -4.436783049527353e+21], [2.0004590152567654e+17, -2.3677774040444652e+16, -6733085057995549.0, 1.8546277029960924e+24, 5310020104695577.0, -7970837511702833.0, 5.806858313939435e+29], [719715615.3290607, -79030079.2657795, -23001320.238087177, 5310020104695576.0, 17398145.51549535, -23038669.76646371, 1.7018132881750323e+21], [-885453654.0607411, 110161936.19364583, 29275360.467272364, -7970837511702833.0, -23038669.76646371, 35076971.73757442, -4.399277963181642e+21], [1.2070432044354734e+23, -3.458350618548715e+22, -4.436783049527353e+21, 5.8068583139394324e+29, 1.7018132881750323e+21, -4.399277963181642e+21, 1.0582016857999269e+37]]
sigma_dmb
from cov matrix =
4.291294775592256e-19
2-sigma =
1.0642411043468795e-18
2-sigma zack's method =
6.676108738004412e-19