n-power=
2
dm_mass=
1e-05
stepsize =
1e-24
fisher matrix =
[[38722912692.56028, -5400831812.69728, -1512407201.3107786, 2.0004590152567654e+17, 719715615.3290608, -885453654.0607411, 5.456876326885334e+29], [-5400831812.69728, 1349516295.2543473, 353749730.813514, -2.3677774040444652e+16, -79030079.2657795, 110161936.19364583, -7.878091408396236e+28], [-1512407201.3107786, 353749730.813514, 98135854.14581107, -6733085057995549.0, -23001320.238087177, 29275360.467272364, -1.5060780178068487e+28], [2.0004590152567654e+17, -2.3677774040444652e+16, -6733085057995549.0, 1.8546277029960924e+24, 5310020104695577.0, -7970837511702833.0, 2.92884816364114e+36], [719715615.3290607, -79030079.2657795, -23001320.238087177, 5310020104695576.0, 17398145.51549535, -23038669.76646371, 1.0363279431686374e+28], [-885453654.0607411, 110161936.19364583, 29275360.467272364, -7970837511702833.0, -23038669.76646371, 35076971.73757442, -1.5529419371420937e+28], [5.456876326885334e+29, -7.878091408396236e+28, -1.5060780178068487e+28, 2.92884816364114e+36, 1.0363279431686374e+28, -1.5529419371420937e+28, 3.219399671216937e+49]]
sigma_dmb
from cov matrix =
2.6327957346040683e-25
2-sigma =
6.529333421818089e-25
2-sigma zack's method =
4.09587804133973e-25