n-power=
2
dm_mass=
1e-06
stepsize =
5e-26
fisher matrix =
[[38689341457.83366, -5362818719.258043, -1514628752.0685098, 2.0123291621707786e+17, 722016676.7070714, -885457065.0324104, 5.773784241381819e+30], [-5362818719.258043, 1306325308.2861695, 356281042.1818493, -2.5035569924397972e+16, -81581231.77670474, 110165849.10599668, -6.3304528187802295e+29], [-1514628752.0685098, 356281042.18184936, 97987110.05910282, -6652990128963406.0, -22855687.255963955, 29275128.997670814, -1.7686276783324205e+29], [2.0123291621707786e+17, -2.5035569924397972e+16, -6652990128963406.0, 1.8112240032056673e+24, 5235339837961014.0, -7970711506386538.0, 3.9718492013791296e+37], [722016676.7070714, -81581231.77670474, -22855687.255963955, 5235339837961014.0, 17203704.706812263, -23038461.739678524, 1.354973344887729e+29], [-885457065.0324104, 110165849.10599668, 29275128.997670814, -7970711506386537.0, -23038461.739678524, 35076971.37057968, -1.747941569785184e+29], [5.773784241381819e+30, -6.330452818780228e+29, -1.7686276783324205e+29, 3.9718492013791296e+37, 1.354973344887729e+29, -1.747941569785184e+29, 1.3277305022575608e+51]]
sigma_dmb
from cov matrix =
7.696933163839039e-26
relative_bulk_velocity =
0.0
2-sigma zack's method =
1.198349941164396e-25