n-power=
2
dm_mass=
1e-06
stepsize =
5e-26
fisher matrix =
[[38722912692.56028, -5400831812.69728, -1512407201.3107786, 2.0004590152567654e+17, 719715615.3290608, -885453654.0607411, 6.083645386226998e+30], [-5400831812.69728, 1349516295.2543473, 353749730.813514, -2.3677774040444652e+16, -79030079.2657795, 110161936.19364583, -9.795665413419143e+29], [-1512407201.3107786, 353749730.813514, 98135854.14581107, -6733085057995549.0, -23001320.238087177, 29275360.467272364, -1.5715661654028595e+29], [2.0004590152567654e+17, -2.3677774040444652e+16, -6733085057995549.0, 1.8546277029960924e+24, 5310020104695577.0, -7970837511702833.0, 2.975359426023267e+37], [719715615.3290607, -79030079.2657795, -23001320.238087177, 5310020104695576.0, 17398145.51549535, -23038669.76646371, 1.0649163906097226e+29], [-885453654.0607411, 110161936.19364583, 29275360.467272364, -7970837511702833.0, -23038669.76646371, 35076971.73757442, -1.7476671375077027e+29], [6.083645386226999e+30, -9.795665413419143e+29, -1.5715661654028595e+29, 2.9753594260232674e+37, 1.0649163906097226e+29, -1.7476671375077027e+29, 7.189583812684701e+51]]
sigma_dmb
from cov matrix =
1.6700864778632036e-26
relative_bulk_velocity =
0.0
2-sigma zack's method =
2.5995044599047366e-26