n-power=
2
dm_mass=
1
stepsize =
8.37188904305626e-20
fisher matrix =
[[38689341457.83366, -5362818719.258043, -1514628752.0685098, 2.0123291621707786e+17, 722016676.7070714, -885457065.0324104, 1.3764947941937304e+24], [-5362818719.258043, 1306325308.2861695, 356281042.1818493, -2.5035569924397972e+16, -81581231.77670474, 110165849.10599668, -1.984640929075296e+23], [-1514628752.0685098, 356281042.18184936, 97987110.05910282, -6652990128963406.0, -22855687.255963955, 29275128.997670814, -5.351340721959465e+22], [2.0123291621707786e+17, -2.5035569924397972e+16, -6652990128963406.0, 1.8112240032056673e+24, 5235339837961014.0, -7970711506386538.0, 1.0884287254538311e+31], [722016676.7070714, -81581231.77670474, -22855687.255963955, 5235339837961014.0, 17203704.706812263, -23038461.739678524, 3.4193197105516342e+22], [-885457065.0324104, 110165849.10599668, 29275128.997670814, -7970711506386537.0, -23038461.739678524, 35076971.37057968, -4.790731380994636e+22], [1.3764947941937304e+24, -1.984640929075296e+23, -5.351340721959465e+22, 1.0884287254538311e+31, 3.4193197105516342e+22, -4.790731380994636e+22, 1.144791340556286e+38]]
sigma_dmb
from cov matrix =
2.137815953644095e-19
relative_bulk_velocity =
0.0
2-sigma zack's method =
3.3275005589678773e-19