n-power=
2
dm_mass=
1
stepsize =
4e-19
fisher matrix =
[[38722912692.56028, -5400831812.69728, -1512407201.3107786, 2.0004590152567654e+17, 719715615.3290608, -885453654.0607411, 1.4317111875584675e+24], [-5400831812.69728, 1349516295.2543473, 353749730.813514, -2.3677774040444652e+16, -79030079.2657795, 110161936.19364583, -3.1417255789694615e+23], [-1512407201.3107786, 353749730.813514, 98135854.14581107, -6733085057995549.0, -23001320.238087177, 29275360.467272364, -4.75189915061962e+22], [2.0004590152567654e+17, -2.3677774040444652e+16, -6733085057995549.0, 1.8546277029960924e+24, 5310020104695577.0, -7970837511702833.0, 7.575280333821748e+30], [719715615.3290607, -79030079.2657795, -23001320.238087177, 5310020104695576.0, 17398145.51549535, -23038669.76646371, 2.418609418141146e+22], [-885453654.0607411, 110161936.19364583, 29275360.467272364, -7970837511702833.0, -23038669.76646371, 35076971.73757442, -4.769835091434448e+22], [1.4317111875584675e+24, -3.1417255789694615e+23, -4.75189915061962e+22, 7.575280333821749e+30, 2.418609418141146e+22, -4.769835091434448e+22, 6.866833618373341e+38]]
sigma_dmb
from cov matrix =
5.3878995056490914e-20
2-sigma =
1.3361990774009748e-19
2-sigma zack's method =
8.37188904305626e-20