n-power=
4
dm_mass=
0.0001
stepsize =
2e-20
fisher matrix =
[[20671096359666.508, -3307220554964.78, -938162584166.063, 1.102154116592432e+20, 400282612364.6523, -485117945417.9209, 2.2320636608647405e+28], [-3307220554964.78, 530524835788.4991, 150033214520.2806, -1.759170345517789e+19, -63850273779.28017, 77582911285.5573, -4.020982196677114e+27], [-938162584166.0627, 150033214520.2806, 42607087293.07779, -5.005758267102209e+18, -18183345474.41044, 22016809676.91245, -9.65835582731225e+26], [1.102154116592432e+20, -1.7591703455177888e+19, -5.005758267102209e+18, 5.895020648887457e+26, 2.1413529793457605e+18, -2.5894198668898253e+18, 1.038809419785435e+35], [400282612364.6523, -63850273779.28017, -18183345474.41044, 2.1413529793457605e+18, 7782186181.533244, -9401639839.512737, 3.590395991433497e+26], [-485117945417.92084, 77582911285.5573, 22016809676.91245, -2.5894198668898253e+18, -9401639839.512735, 11394243157.299028, -5.1458757729368636e+26], [2.2320636608647405e+28, -4.020982196677114e+27, -9.658355827312249e+26, 1.038809419785435e+35, 3.590395991433498e+26, -5.1458757729368636e+26, 2.3631977847143206e+44]]
sigma_dmb
from cov matrix =
2.0466682496248883e-22
2-sigma =
5.075737259069723e-22
2-sigma zack's method =
3.1854942487762234e-22