n-power=
4
dm_mass=
0.001
stepsize =
1.0669676460233537e-16
fisher matrix =
[[20671096359666.508, -3307220554964.78, -938162584166.063, 1.102154116592432e+20, 400282612364.6523, -485117945417.9209, 1.1108827657726267e+26], [-3307220554964.78, 530524835788.4991, 150033214520.2806, -1.759170345517789e+19, -63850273779.28017, 77582911285.5573, -1.8252393202411078e+25], [-938162584166.0627, 150033214520.2806, 42607087293.07779, -5.005758267102209e+18, -18183345474.41044, 22016809676.91245, -4.990281285596887e+24], [1.102154116592432e+20, -1.7591703455177888e+19, -5.005758267102209e+18, 5.895020648887457e+26, 2.1413529793457605e+18, -2.5894198668898253e+18, 5.7603052411101965e+32], [400282612364.6523, -63850273779.28017, -18183345474.41044, 2.1413529793457605e+18, 7782186181.533244, -9401639839.512737, 2.0743851966756088e+24], [-485117945417.92084, 77582911285.5573, 22016809676.91245, -2.5894198668898253e+18, -9401639839.512735, 11394243157.299028, -2.5974620354175023e+24], [1.1108827657726267e+26, -1.825239320241108e+25, -4.990281285596888e+24, 5.7603052411101965e+32, 2.0743851966756088e+24, -2.5974620354175023e+24, 8.081245736181243e+38]]
sigma_dmb
from cov matrix =
3.761666170124422e-19
2-sigma =
9.328932101908567e-19
2-sigma zack's method =
5.851074142981429e-19