n-power=
4
dm_mass=
0.01
stepsize =
1.8973665961010275e-15
fisher matrix =
[[20671096359666.508, -3307220554964.78, -938162584166.063, 1.102154116592432e+20, 400282612364.6523, -485117945417.9209, 1.4857683067828605e+24], [-3307220554964.78, 530524835788.4991, 150033214520.2806, -1.759170345517789e+19, -63850273779.28017, 77582911285.5573, -2.5492494737890594e+23], [-938162584166.0627, 150033214520.2806, 42607087293.07779, -5.005758267102209e+18, -18183345474.41044, 22016809676.91245, -6.561624811157235e+22], [1.102154116592432e+20, -1.7591703455177888e+19, -5.005758267102209e+18, 5.895020648887457e+26, 2.1413529793457605e+18, -2.5894198668898253e+18, 7.341393580423492e+30], [400282612364.6523, -63850273779.28017, -18183345474.41044, 2.1413529793457605e+18, 7782186181.533244, -9401639839.512737, 2.5978633329408024e+22], [-485117945417.92084, 77582911285.5573, 22016809676.91245, -2.5894198668898253e+18, -9401639839.512735, 11394243157.299028, -3.451560680115584e+22], [1.4857683067828605e+24, -2.5492494737890587e+23, -6.561624811157235e+22, 7.341393580423492e+30, 2.5978633329408024e+22, -3.451560680115584e+22, 4.05000248985708e+35]]
sigma_dmb
from cov matrix =
6.239951332725951e-18
2-sigma =
1.547507930516036e-17
2-sigma zack's method =
9.7033772008932e-18