n-power=
4
dm_mass=
0.1
stepsize =
3.374047951142095e-14
fisher matrix =
[[20671096359666.508, -3307220554964.78, -938162584166.063, 1.102154116592432e+20, 400282612364.6523, -485117945417.9209, 1.6928264621555595e+22], [-3307220554964.78, 530524835788.4991, 150033214520.2806, -1.759170345517789e+19, -63850273779.28017, 77582911285.5573, -3.029402280278442e+21], [-938162584166.0627, 150033214520.2806, 42607087293.07779, -5.005758267102209e+18, -18183345474.41044, 22016809676.91245, -7.346023607814685e+20], [1.102154116592432e+20, -1.7591703455177888e+19, -5.005758267102209e+18, 5.895020648887457e+26, 2.1413529793457605e+18, -2.5894198668898253e+18, 7.945963772872562e+28], [400282612364.6523, -63850273779.28017, -18183345474.41044, 2.1413529793457605e+18, 7782186181.533244, -9401639839.512737, 2.7560783758867153e+20], [-485117945417.92084, 77582911285.5573, 22016809676.91245, -2.5894198668898253e+18, -9401639839.512735, 11394243157.299028, -3.9068699179013466e+20], [1.6928264621555592e+22, -3.029402280278442e+21, -7.346023607814685e+20, 7.945963772872562e+28, 2.7560783758867153e+20, -3.9068699179013466e+20, 1.212174435215995e+32]]
sigma_dmb
from cov matrix =
2.93066151845364e-16
2-sigma =
7.268040565765028e-16
2-sigma zack's method =
4.55762022246159e-16