n-power=
4
dm_mass=
1000
stepsize =
3.3740479511420946e-09
fisher matrix =
[[20671096359666.508, -3307220554964.78, -938162584166.063, 1.102154116592432e+20, 400282612364.6523, -485117945417.9209, 1.9997186290956672e+17], [-3307220554964.78, 530524835788.4991, 150033214520.2806, -1.759170345517789e+19, -63850273779.28017, 77582911285.5573, -3.766226691797969e+16], [-938162584166.0627, 150033214520.2806, 42607087293.07779, -5.005758267102209e+18, -18183345474.41044, 22016809676.91245, -8481879388237140.0], [1.102154116592432e+20, -1.7591703455177888e+19, -5.005758267102209e+18, 5.895020648887457e+26, 2.1413529793457605e+18, -2.5894198668898253e+18, 8.749998124006239e+23], [400282612364.6523, -63850273779.28017, -18183345474.41044, 2.1413529793457605e+18, 7782186181.533244, -9401639839.512737, 2954906182437018.5], [-485117945417.92084, 77582911285.5573, 22016809676.91245, -2.5894198668898253e+18, -9401639839.512735, 11394243157.299028, -4575594194923380.0], [1.9997186290956672e+17, -3.766226691797969e+16, -8481879388237141.0, 8.749998124006242e+23, 2954906182437018.5, -4575594194923380.0, 3.3807908091961824e+22]]
sigma_dmb
from cov matrix =
1.9720824562363824e-11
2-sigma =
4.8907644914662283e-11
2-sigma zack's method =
3.0675507297333337e-11