n-power=
4
dm_mass=
100
stepsize =
1.8973665961010278e-10
fisher matrix =
[[20671096359666.508, -3307220554964.78, -938162584166.063, 1.102154116592432e+20, 400282612364.6523, -485117945417.9209, 2.460927484874674e+18], [-3307220554964.78, 530524835788.4991, 150033214520.2806, -1.759170345517789e+19, -63850273779.28017, 77582911285.5573, -4.621815226159893e+17], [-938162584166.0627, 150033214520.2806, 42607087293.07779, -5.005758267102209e+18, -18183345474.41044, 22016809676.91245, -1.0451842086696883e+17], [1.102154116592432e+20, -1.7591703455177888e+19, -5.005758267102209e+18, 5.895020648887457e+26, 2.1413529793457605e+18, -2.5894198668898253e+18, 1.0813637673234185e+25], [400282612364.6523, -63850273779.28017, -18183345474.41044, 2.1413529793457605e+18, 7782186181.533244, -9401639839.512737, 3.656379271063077e+16], [-485117945417.92084, 77582911285.5573, 22016809676.91245, -2.5894198668898253e+18, -9401639839.512735, 11394243157.299028, -5.633793322595894e+16], [2.460927484874674e+18, -4.621815226159894e+17, -1.0451842086696883e+17, 1.0813637673234185e+25, 3.656379271063077e+16, -5.633793322595894e+16, 4.992190276950255e+24]]
sigma_dmb
from cov matrix =
1.5634159820374983e-12
2-sigma =
3.877271635452996e-12
2-sigma zack's method =
2.4338980537700162e-12