n-power=
4
dm_mass=
1e-05
stepsize =
2e-22
fisher matrix =
[[20671096359666.508, -3307220554964.78, -938162584166.063, 1.102154116592432e+20, 400282612364.6523, -485117945417.9209, 2.6830811906480917e+30], [-3307220554964.78, 530524835788.4991, 150033214520.2806, -1.759170345517789e+19, -63850273779.28017, 77582911285.5573, -4.845346398116747e+29], [-938162584166.0627, 150033214520.2806, 42607087293.07779, -5.005758267102209e+18, -18183345474.41044, 22016809676.91245, -1.1597368331338282e+29], [1.102154116592432e+20, -1.7591703455177888e+19, -5.005758267102209e+18, 5.895020648887457e+26, 2.1413529793457605e+18, -2.5894198668898253e+18, 1.2446416388859778e+37], [400282612364.6523, -63850273779.28017, -18183345474.41044, 2.1413529793457605e+18, 7782186181.533244, -9401639839.512737, 4.296984023825891e+28], [-485117945417.92084, 77582911285.5573, 22016809676.91245, -2.5894198668898253e+18, -9401639839.512735, 11394243157.299028, -6.183118676683288e+28], [2.6830811906480917e+30, -4.845346398116747e+29, -1.1597368331338282e+29, 1.244641638885978e+37, 4.296984023825891e+28, -6.183118676683288e+28, 3.530598471868676e+48]]
sigma_dmb
from cov matrix =
1.7003566575750344e-24
2-sigma =
4.216884510786085e-24
2-sigma zack's method =
2.6456985781833455e-24