n-power=
4
dm_mass=
1
stepsize =
6e-13
fisher matrix =
[[20671096359666.508, -3307220554964.78, -938162584166.063, 1.102154116592432e+20, 400282612364.6523, -485117945417.9209, 4.630456266501128e+20], [-3307220554964.78, 530524835788.4991, 150033214520.2806, -1.759170345517789e+19, -63850273779.28017, 77582911285.5573, -8.462972153277814e+19], [-938162584166.0627, 150033214520.2806, 42607087293.07779, -5.005758267102209e+18, -18183345474.41044, 22016809676.91245, -1.9909872534527726e+19], [1.102154116592432e+20, -1.7591703455177888e+19, -5.005758267102209e+18, 5.895020648887457e+26, 2.1413529793457605e+18, -2.5894198668898253e+18, 2.1139418696914498e+27], [400282612364.6523, -63850273779.28017, -18183345474.41044, 2.1413529793457605e+18, 7782186181.533244, -9401639839.512737, 7.253553708323018e+18], [-485117945417.92084, 77582911285.5573, 22016809676.91245, -2.5894198668898253e+18, -9401639839.512735, 11394243157.299028, -1.0649815320601403e+19], [4.630456266501128e+20, -8.462972153277814e+19, -1.9909872534527726e+19, 2.1139418696914498e+27, 7.253553708323018e+18, -1.0649815320601403e+19, 1.2506895678774759e+29]]
sigma_dmb
from cov matrix =
9.19604632219495e-15
2-sigma =
2.2806194879043478e-14
2-sigma zack's method =
1.431387057664715e-14