n-power=
2
dm_mass=
0.0001
stepsize =
1e-23
fisher matrix =
[[3584147641.2863207, -1800433734.8818953, -88668523.67609839, -1.5657911380126016e+16, -94903788.1324267, -72055595.60349812, 4.3242327967558226e+29], [-1800433734.8818953, 1750787881.9506576, -29201887.856971662, 3.5953828320539868e+16, 176067015.4240997, 16563574.933011431, -5.570369735133511e+29], [-88668523.67609839, -29201887.856971655, 20247033.28831126, -3066566765812936.5, -12649776.88391743, 3649638.1059464784, 3.134730554402373e+28], [-1.5657911380126016e+16, 3.5953828320539868e+16, -3066566765812936.5, 1.4418250451910467e+24, 5585324937608545.0, -1801522690384533.0, -1.4098343053590968e+37], [-94903788.1324267, 176067015.4240997, -12649776.88391743, 5585324937608545.0, 24887173.29381523, -3686809.974521073, -7.088905051934859e+28], [-72055595.6034981, 16563574.933011431, 3649638.1059464784, -1801522690384533.0, -3686809.974521073, 7917801.968955774, -9.259608961233133e+25], [4.3242327967558226e+29, -5.570369735133511e+29, 3.134730554402373e+28, -1.4098343053590968e+37, -7.088905051934859e+28, -9.259608961233133e+25, 2.4717483475176873e+50]]
sigma_dmb
from cov matrix =
2.1546439715639373e-25
2-sigma =
5.343517049478564e-25
2-sigma zack's method =
3.351799222589392e-25