n-power=
2
dm_mass=
0.001
stepsize =
3.177312938897127e-21
fisher matrix =
[[3584147641.2863207, -1800433734.8818953, -88668523.67609839, -1.5657911380126016e+16, -94903788.1324267, -72055595.60349812, 1.5440381941197154e+28], [-1800433734.8818953, 1750787881.9506576, -29201887.856971662, 3.5953828320539868e+16, 176067015.4240997, 16563574.933011431, -1.9312600331637875e+28], [-88668523.67609839, -29201887.856971655, 20247033.28831126, -3066566765812936.5, -12649776.88391743, 3649638.1059464784, 1.0730299868321428e+27], [-1.5657911380126016e+16, 3.5953828320539868e+16, -3066566765812936.5, 1.4418250451910467e+24, 5585324937608545.0, -1801522690384533.0, -4.882160505566864e+35], [-94903788.1324267, 176067015.4240997, -12649776.88391743, 5585324937608545.0, 24887173.29381523, -3686809.974521073, -2.4039384501528603e+27], [-72055595.6034981, 16563574.933011431, 3649638.1059464784, -1801522690384533.0, -3686809.974521073, 7917801.968955774, -1.5652032984402094e+25], [1.5440381941197154e+28, -1.9312600331637875e+28, 1.0730299868321428e+27, -4.882160505566864e+35, -2.4039384501528603e+27, -1.5652032984402092e+25, 2.6265156169456435e+47]]
sigma_dmb
from cov matrix =
1.163840800346013e-23
2-sigma =
2.8863251848581126e-23
2-sigma zack's method =
1.8095019137629476e-23