n-power=
2
dm_mass=
0.1
stepsize =
7.98104925987552e-20
fisher matrix =
[[3584147641.2863207, -1800433734.8818953, -88668523.67609839, -1.5657911380126016e+16, -94903788.1324267, -72055595.60349812, 2.2826542230190825e+26], [-1800433734.8818953, 1750787881.9506576, -29201887.856971662, 3.5953828320539868e+16, 176067015.4240997, 16563574.933011431, -2.9226721314770023e+26], [-88668523.67609839, -29201887.856971655, 20247033.28831126, -3066566765812936.5, -12649776.88391743, 3649638.1059464784, 1.6410059098794765e+25], [-1.5657911380126016e+16, 3.5953828320539868e+16, -3066566765812936.5, 1.4418250451910467e+24, 5585324937608545.0, -1801522690384533.0, -7.406234698473235e+33], [-94903788.1324267, 176067015.4240997, -12649776.88391743, 5585324937608545.0, 24887173.29381523, -3686809.974521073, -3.6998081691542397e+25], [-72055595.6034981, 16563574.933011431, 3649638.1059464784, -1801522690384533.0, -3686809.974521073, 7917801.968955774, -5.901134113959861e+22], [2.2826542230190825e+26, -2.9226721314770023e+26, 1.6410059098794765e+25, -7.406234698473235e+33, -3.6998081691542397e+25, -5.90113411395986e+22, 6.528025754340828e+43]]
sigma_dmb
from cov matrix =
4.824999025381679e-22
2-sigma =
1.1965997582946563e-21
2-sigma zack's method =
7.510497555146178e-22