n-power=
2
dm_mass=
100
stepsize =
1.0047545726038318e-17
fisher matrix =
[[3584147641.2863207, -1800433734.8818953, -88668523.67609839, -1.5657911380126016e+16, -94903788.1324267, -72055595.60349812, 4.6105103180936915e+23], [-1800433734.8818953, 1750787881.9506576, -29201887.856971662, 3.5953828320539868e+16, 176067015.4240997, 16563574.933011431, -5.92263561257366e+23], [-88668523.67609839, -29201887.856971655, 20247033.28831126, -3066566765812936.5, -12649776.88391743, 3649638.1059464784, 3.331672981686694e+22], [-1.5657911380126016e+16, 3.5953828320539868e+16, -3066566765812936.5, 1.4418250451910467e+24, 5585324937608545.0, -1801522690384533.0, -1.507599600516316e+31], [-94903788.1324267, 176067015.4240997, -12649776.88391743, 5585324937608545.0, 24887173.29381523, -3686809.974521073, -7.493445978967398e+22], [-72055595.6034981, 16563574.933011431, 3649638.1059464784, -1801522690384533.0, -3686809.974521073, 7917801.968955774, 8.982649715738136e+19], [4.6105103180936915e+23, -5.92263561257366e+23, 3.331672981686694e+22, -1.507599600516316e+31, -7.493445978967398e+22, 8.982649715738136e+19, 2.6383586330894133e+38]]
sigma_dmb
from cov matrix =
2.552114677097763e-19
2-sigma =
6.329244399202452e-19
2-sigma zack's method =
3.970711029808797e-19