n-power=
2
dm_mass=
10
stepsize =
2.0047489345090887e-18
fisher matrix =
[[3584147641.2863207, -1800433734.8818953, -88668523.67609839, -1.5657911380126016e+16, -94903788.1324267, -72055595.60349812, 4.0882066971595393e+24], [-1800433734.8818953, 1750787881.9506576, -29201887.856971662, 3.5953828320539868e+16, 176067015.4240997, 16563574.933011431, -5.248267276543102e+24], [-88668523.67609839, -29201887.856971655, 20247033.28831126, -3066566765812936.5, -12649776.88391743, 3649638.1059464784, 2.951658092642594e+23], [-1.5657911380126016e+16, 3.5953828320539868e+16, -3066566765812936.5, 1.4418250451910467e+24, 5585324937608545.0, -1801522690384533.0, -1.3362460808962123e+32], [-94903788.1324267, 176067015.4240997, -12649776.88391743, 5585324937608545.0, 24887173.29381523, -3686809.974521073, -6.636009821119845e+23], [-72055595.6034981, 16563574.933011431, 3649638.1059464784, -1801522690384533.0, -3686809.974521073, 7917801.968955774, 8.084831407394125e+20], [4.0882066971595393e+24, -5.248267276543102e+24, 2.951658092642594e+23, -1.3362460808962123e+32, -6.636009821119845e+23, 8.084831407394124e+20, 2.0622054337652662e+40]]
sigma_dmb
from cov matrix =
2.9465573908056515e-20
2-sigma =
7.307462329198015e-20
2-sigma zack's method =
4.5829586983768994e-20