n-power=
2
dm_mass=
1
stepsize =
4e-19
fisher matrix =
[[3584147641.2863207, -1800433734.8818953, -88668523.67609839, -1.5657911380126016e+16, -94903788.1324267, -72055595.60349812, 3.089333293221348e+25], [-1800433734.8818953, 1750787881.9506576, -29201887.856971662, 3.5953828320539868e+16, 176067015.4240997, 16563574.933011431, -3.962132387327004e+25], [-88668523.67609839, -29201887.856971655, 20247033.28831126, -3066566765812936.5, -12649776.88391743, 3649638.1059464784, 2.226998149847659e+24], [-1.5657911380126016e+16, 3.5953828320539868e+16, -3066566765812936.5, 1.4418250451910467e+24, 5585324937608545.0, -1801522690384533.0, -1.0073330380844248e+33], [-94903788.1324267, 176067015.4240997, -12649776.88391743, 5585324937608545.0, 24887173.29381523, -3686809.974521073, -5.010809132498294e+24], [-72055595.6034981, 16563574.933011431, 3649638.1059464784, -1801522690384533.0, -3686809.974521073, 7917801.968955774, 1.646879985017714e+21], [3.089333293221348e+25, -3.962132387327004e+25, 2.226998149847659e+24, -1.0073330380844248e+33, -5.010809132498294e+24, 1.646879985017714e+21, 1.1814292097773524e+42]]
sigma_dmb
from cov matrix =
3.8080072941024084e-21
2-sigma =
9.443858089373972e-21
2-sigma zack's method =
5.924916853044054e-21