n-power=
4
dm_mass=
0.001
stepsize =
6e-20
fisher matrix =
[[256435893581.12686, -29776046383.02648, -7419659687.458143, 8.808901786089398e+17, 3427601134.139993, -4228315504.6077895, 1.12804161523432e+25], [-29776046383.026478, 8336506467.93758, 1028124901.3589946, 4043700566583479.0, 103003744.05470017, 419134005.55432063, -1.2765501260820943e+25], [-7419659687.458142, 1028124901.3589945, 357984694.2885425, -3.212505776823924e+16, -128414122.21582194, 116732473.65778747, 6.738612313621253e+23], [8.808901786089398e+17, 4043700566583473.0, -3.212505776823924e+16, 7.747932644628702e+24, 2.952788095956414e+16, -2.2729754413791104e+16, -3.1357589619394182e+32], [3427601134.139993, 103003744.05470017, -128414122.21582194, 2.952788095956414e+16, 122740777.63268231, -77727013.48449327, -1.587991781298549e+24], [-4228315504.6077895, 419134005.55432063, 116732473.65778747, -2.2729754413791104e+16, -77727013.48449329, 100292993.05216442, -2.7655099035302865e+22], [1.12804161523432e+25, -1.2765501260820943e+25, 6.738612313621253e+23, -3.1357589619394182e+32, -1.587991781298549e+24, -2.7655099035302865e+22, 5.207833718855332e+40]]
sigma_dmb
from cov matrix =
1.1605879938809768e-20
2-sigma =
2.8782582248248226e-20
2-sigma zack's method =
1.8069628828773792e-20