n-power=
4
dm_mass=
0.0001
stepsize =
2e-20
fisher matrix =
[[256435893581.12686, -29776046383.02648, -7419659687.458143, 8.808901786089398e+17, 3427601134.139993, -4228315504.6077895, 1.238475621988128e+27], [-29776046383.026478, 8336506467.93758, 1028124901.3589946, 4043700566583479.0, 103003744.05470017, 419134005.55432063, -1.3108944167764845e+27], [-7419659687.458142, 1028124901.3589945, 357984694.2885425, -3.212505776823924e+16, -128414122.21582194, 116732473.65778747, 6.63258458484311e+25], [8.808901786089398e+17, 4043700566583473.0, -3.212505776823924e+16, 7.747932644628702e+24, 2.952788095956414e+16, -2.2729754413791104e+16, -3.1659899536514854e+34], [3427601134.139993, 103003744.05470017, -128414122.21582194, 2.952788095956414e+16, 122740777.63268231, -77727013.48449327, -1.6035132682740734e+26], [-4228315504.6077895, 419134005.55432063, 116732473.65778747, -2.2729754413791104e+16, -77727013.48449329, 100292993.05216442, -4.3798201762901726e+24], [1.238475621988128e+27, -1.3108944167764845e+27, 6.63258458484311e+25, -3.1659899536514854e+34, -1.6035132682740734e+26, -4.3798201762901726e+24, 5.328545731446235e+44]]
sigma_dmb
from cov matrix =
1.1936701054309665e-22
2-sigma =
2.9603018614687967e-22
2-sigma zack's method =
1.8560127929552415e-22