n-power=
4
dm_mass=
0.01
stepsize =
1.8973665961010275e-15
fisher matrix =
[[256435893581.12686, -29776046383.02648, -7419659687.458143, 8.808901786089398e+17, 3427601134.139993, -4228315504.6077895, 5.211274256821769e+22], [-29776046383.026478, 8336506467.93758, 1028124901.3589946, 4043700566583479.0, 103003744.05470017, 419134005.55432063, -5.053840309750533e+22], [-7419659687.458142, 1028124901.3589945, 357984694.2885425, -3.212505776823924e+16, -128414122.21582194, 116732473.65778747, 2.395482970026528e+21], [8.808901786089398e+17, 4043700566583473.0, -3.212505776823924e+16, 7.747932644628702e+24, 2.952788095956414e+16, -2.2729754413791104e+16, -1.1900358957833278e+30], [3427601134.139993, 103003744.05470017, -128414122.21582194, 2.952788095956414e+16, 122740777.63268231, -77727013.48449327, -6.013287366109547e+21], [-4228315504.6077895, 419134005.55432063, 116732473.65778747, -2.2729754413791104e+16, -77727013.48449329, 100292993.05216442, -2.596931342218324e+20], [5.211274256821769e+22, -5.053840309750533e+22, 2.395482970026528e+21, -1.1900358957833278e+30, -6.013287366109547e+21, -2.596931342218324e+20, 7.437785491953122e+35]]
sigma_dmb
from cov matrix =
3.59841676120636e-18
2-sigma =
8.924073567791773e-18
2-sigma zack's method =
5.5999631487269045e-18