n-power=
4
dm_mass=
0.1
stepsize =
3.374047951142095e-14
fisher matrix =
[[256435893581.12686, -29776046383.02648, -7419659687.458143, 8.808901786089398e+17, 3427601134.139993, -4228315504.6077895, 8.456697269830348e+20], [-29776046383.026478, 8336506467.93758, 1028124901.3589946, 4043700566583479.0, 103003744.05470017, 419134005.55432063, -8.901989248607447e+20], [-7419659687.458142, 1028124901.3589945, 357984694.2885425, -3.212505776823924e+16, -128414122.21582194, 116732473.65778747, 4.482648319785937e+19], [8.808901786089398e+17, 4043700566583473.0, -3.212505776823924e+16, 7.747932644628702e+24, 2.952788095956414e+16, -2.2729754413791104e+16, -2.146048161670264e+28], [3427601134.139993, 103003744.05470017, -128414122.21582194, 2.952788095956414e+16, 122740777.63268231, -77727013.48449327, -1.08666947307839e+20], [-4228315504.6077895, 419134005.55432063, 116732473.65778747, -2.2729754413791104e+16, -77727013.48449329, 100292993.05216442, -3.090185744993435e+18], [8.456697269830348e+20, -8.901989248607447e+20, 4.482648319785937e+19, -2.146048161670264e+28, -1.08666947307839e+20, -3.090185744993435e+18, 2.4427697193818014e+32]]
sigma_dmb
from cov matrix =
1.7821284988530992e-16
2-sigma =
4.419678677155686e-16
2-sigma zack's method =
2.7714940623455966e-16