n-power=
4
dm_mass=
100
stepsize =
1.8973665961010278e-10
fisher matrix =
[[256435893581.12686, -29776046383.02648, -7419659687.458143, 8.808901786089398e+17, 3427601134.139993, -4228315504.6077895, 1.2926551642101886e+17], [-29776046383.026478, 8336506467.93758, 1028124901.3589946, 4043700566583479.0, 103003744.05470017, 419134005.55432063, -1.4285086637627538e+17], [-7419659687.458142, 1028124901.3589945, 357984694.2885425, -3.212505776823924e+16, -128414122.21582194, 116732473.65778747, 7363035608672094.0], [8.808901786089398e+17, 4043700566583473.0, -3.212505776823924e+16, 7.747932644628702e+24, 2.952788095956414e+16, -2.2729754413791104e+16, -3.4812284336772886e+24], [3427601134.139993, 103003744.05470017, -128414122.21582194, 2.952788095956414e+16, 122740777.63268231, -77727013.48449327, -1.7563240256283686e+16], [-4228315504.6077895, 419134005.55432063, 116732473.65778747, -2.2729754413791104e+16, -77727013.48449329, 100292993.05216442, -395622399274683.06], [1.2926551642101886e+17, -1.4285086637627538e+17, 7363035608672094.0, -3.4812284336772886e+24, -1.7563240256283686e+16, -395622399274683.06, 6.216249479977007e+24]]
sigma_dmb
from cov matrix =
1.1720812181118682e-12
2-sigma =
2.906761420917433e-12
2-sigma zack's method =
1.823676334136198e-12