n-power=
4
dm_mass=
1e-05
stepsize =
2e-22
fisher matrix =
[[256435893581.12686, -29776046383.02648, -7419659687.458143, 8.808901786089398e+17, 3427601134.139993, -4228315504.6077895, 1.509742653592531e+29], [-29776046383.026478, 8336506467.93758, 1028124901.3589946, 4043700566583479.0, 103003744.05470017, 419134005.55432063, -1.6095837983752403e+29], [-7419659687.458142, 1028124901.3589945, 357984694.2885425, -3.212505776823924e+16, -128414122.21582194, 116732473.65778747, 8.178697001989917e+27], [8.808901786089398e+17, 4043700566583473.0, -3.212505776823924e+16, 7.747932644628702e+24, 2.952788095956414e+16, -2.2729754413791104e+16, -3.8955598532148234e+36], [3427601134.139993, 103003744.05470017, -128414122.21582194, 2.952788095956414e+16, 122740777.63268231, -77727013.48449327, -1.9706641799411128e+28], [-4228315504.6077895, 419134005.55432063, 116732473.65778747, -2.2729754413791104e+16, -77727013.48449329, 100292993.05216442, -5.174834741324617e+26], [1.509742653592531e+29, -1.6095837983752403e+29, 8.178697001989917e+27, -3.8955598532148234e+36, -1.9706641799411128e+28, -5.174834741324617e+26, 7.991656242801886e+48]]
sigma_dmb
from cov matrix =
9.901935826291735e-25
2-sigma =
2.45568008492035e-24
2-sigma zack's method =
1.5402256163888564e-24
