n-power=
4
dm_mass=
1
stepsize =
6e-13
fisher matrix =
[[256435893581.12686, -29776046383.02648, -7419659687.458143, 8.808901786089398e+17, 3427601134.139993, -4228315504.6077895, 2.2865183370436444e+19], [-29776046383.026478, 8336506467.93758, 1028124901.3589946, 4043700566583479.0, 103003744.05470017, 419134005.55432063, -2.4834678072166146e+19], [-7419659687.458142, 1028124901.3589945, 357984694.2885425, -3.212505776823924e+16, -128414122.21582194, 116732473.65778747, 1.2727364440519703e+18], [8.808901786089398e+17, 4043700566583473.0, -3.212505776823924e+16, 7.747932644628702e+24, 2.952788095956414e+16, -2.2729754413791104e+16, -6.031927721427668e+26], [3427601134.139993, 103003744.05470017, -128414122.21582194, 2.952788095956414e+16, 122740777.63268231, -77727013.48449327, -3.051117560695649e+18], [-4228315504.6077895, 419134005.55432063, 116732473.65778747, -2.2729754413791104e+16, -77727013.48449329, 100292993.05216442, -7.366651699955792e+16], [2.286518337043645e+19, -2.4834678072166146e+19, 1.2727364440519703e+18, -6.031927721427668e+26, -3.051117560695649e+18, -7.366651699955792e+16, 1.9089064537194696e+29]]
sigma_dmb
from cov matrix =
6.392231929318536e-15
2-sigma =
1.585273518470997e-14
2-sigma zack's method =
9.947698408428777e-15