n-power=
0
dm_mass=
0.001
stepsize =
7.09626778467151e-27
fisher matrix =
[[256435893581.12686, -29776046383.02648, -7419659687.458143, 8.808901786089398e+17, 3427601134.139993, -4228315504.6077895, 2.592769891879316e+33], [-29776046383.026478, 8336506467.93758, 1028124901.3589946, 4043700566583479.0, 103003744.05470017, 419134005.55432063, -4.691823006720466e+33], [-7419659687.458142, 1028124901.3589945, 357984694.2885425, -3.212505776823924e+16, -128414122.21582194, 116732473.65778747, 2.9267987134636666e+32], [8.808901786089398e+17, 4043700566583473.0, -3.212505776823924e+16, 7.747932644628702e+24, 2.952788095956414e+16, -2.2729754413791104e+16, -1.2615146738140933e+41], [3427601134.139993, 103003744.05470017, -128414122.21582194, 2.952788095956414e+16, 122740777.63268231, -77727013.48449327, -6.2024531604589665e+32], [-4228315504.6077895, 419134005.55432063, 116732473.65778747, -2.2729754413791104e+16, -77727013.48449329, 100292993.05216442, 2.091765022660655e+31], [2.592769891879316e+33, -4.691823006720466e+33, 2.9267987134636666e+32, -1.2615146738140933e+41, -6.2024531604589665e+32, 2.091765022660655e+31, 6.709695761241997e+57]]
sigma_dmb
from cov matrix =
4.4231289932969434e-29
2-sigma =
1.096935990337642e-28
2-sigma zack's method =
6.876207071218937e-29