n-power=
0
dm_mass=
0.0001
stepsize =
2e-27
fisher matrix =
[[256435893581.12686, -29776046383.02648, -7419659687.458143, 8.808901786089398e+17, 3427601134.139993, -4228315504.6077895, 4.46703450541624e+33], [-29776046383.026478, 8336506467.93758, 1028124901.3589946, 4043700566583479.0, 103003744.05470017, 419134005.55432063, -7.334429124056397e+33], [-7419659687.458142, 1028124901.3589945, 357984694.2885425, -3.212505776823924e+16, -128414122.21582194, 116732473.65778747, 4.4463789081948086e+32], [8.808901786089398e+17, 4043700566583473.0, -3.212505776823924e+16, 7.747932644628702e+24, 2.952788095956414e+16, -2.2729754413791104e+16, -1.9405362106814637e+41], [3427601134.139993, 103003744.05470017, -128414122.21582194, 2.952788095956414e+16, 122740777.63268231, -77727013.48449327, -9.586012811008664e+32], [-4228315504.6077895, 419134005.55432063, 116732473.65778747, -2.2729754413791104e+16, -77727013.48449329, 100292993.05216442, 2.3529373097107846e+31], [4.46703450541624e+33, -7.334429124056397e+33, 4.4463789081948086e+32, -1.9405362106814637e+41, -9.586012811008664e+32, 2.3529373097107846e+31, 1.6404088153099015e+58]]
sigma_dmb
from cov matrix =
2.705145315977438e-29
2-sigma =
6.708760383624046e-29
2-sigma zack's method =
