n-power=
0
dm_mass=
0.01
stepsize =
1.0023744672545445e-26
fisher matrix =
[[257004680224.34918, -30127166721.34548, -7401589072.410129, 8.722441471809773e+17, 3365050432.2089505, -4227844789.1819334, 2.3841791850441416e+33], [-30127166721.34548, 8325702585.687976, 1032036850.1533803, 3808303120956484.5, 122407110.76634748, 419411110.43853396, -3.627475015416829e+33], [-7401589072.410129, 1032036850.1533802, 357458985.35337234, -3.2026041696498772e+16, -129045922.0071935, 116670384.50740154, 2.2464627967662648e+32], [8.722441471809773e+17, 3808303120956486.0, -3.2026041696498772e+16, 7.747932644628467e+24, 3.00516319691724e+16, -2.2728388166789692e+16, -9.82766250548764e+40], [3365050432.2089505, 122407110.76634748, -129045922.0071935, 3.00516319691724e+16, 128171716.61676303, -77725004.95978788, -5.092006798751768e+32], [-4227844789.1819334, 419411110.43853396, 116670384.50740154, -2.2728388166789692e+16, -77725004.95978788, 100275514.97685932, 1.7895894508540337e+31], [2.3841791850441413e+33, -3.627475015416829e+33, 2.2464627967662648e+32, -9.82766250548764e+40, -5.092006798751768e+32, 1.7895894508540337e+31, 4.184449430485571e+57]]
sigma_dmb
from cov matrix =
5.319371513160255e-29
2-sigma =
1.3192041352637433e-28
2-sigma zack's method =
8.280278219284604e-29