n-power=
0
dm_mass=
0.1
stepsize =
1.415891568768276e-26
fisher matrix =
[[257004680224.34918, -30127166721.34548, -7401589072.410129, 8.722441471809773e+17, 3365050432.2089505, -4227844789.1819334, 1.188531308471823e+33], [-30127166721.34548, 8325702585.687976, 1032036850.1533803, 3808303120956484.5, 122407110.76634748, 419411110.43853396, -2.1613932165949635e+33], [-7401589072.410129, 1032036850.1533802, 357458985.35337234, -3.2026041696498772e+16, -129045922.0071935, 116670384.50740154, 1.4143485379372463e+32], [8.722441471809773e+17, 3808303120956486.0, -3.2026041696498772e+16, 7.747932644628467e+24, 3.00516319691724e+16, -2.2728388166789692e+16, -6.037053412909921e+40], [3365050432.2089505, 122407110.76634748, -129045922.0071935, 3.00516319691724e+16, 128171716.61676303, -77725004.95978788, -3.1016917576235323e+32], [-4227844789.1819334, 419411110.43853396, 116670384.50740154, -2.2728388166789692e+16, -77725004.95978788, 100275514.97685932, 1.6001190151334878e+31], [1.188531308471823e+33, -2.1613932165949635e+33, 1.4143485379372463e+32, -6.037053412909921e+40, -3.1016917576235323e+32, 1.6001190151334878e+31, 1.4983948317884647e+57]]
sigma_dmb
from cov matrix =
9.289255988077265e-29
2-sigma =
2.3037354850431615e-28
2-sigma zack's method =
1.445580800823776e-28