n-power=
0
dm_mass=
1000
stepsize =
5.636765862528908e-26
fisher matrix =
[[257004680224.34918, -30127166721.34548, -7401589072.410129, 8.722441471809773e+17, 3365050432.2089505, -4227844789.1819334, 1.009670770704589e+30], [-30127166721.34548, 8325702585.687976, 1032036850.1533803, 3808303120956484.5, 122407110.76634748, 419411110.43853396, -1.8680775484819048e+30], [-7401589072.410129, 1032036850.1533802, 357458985.35337234, -3.2026041696498772e+16, -129045922.0071935, 116670384.50740154, 1.2304166119428108e+29], [8.722441471809773e+17, 3808303120956486.0, -3.2026041696498772e+16, 7.747932644628467e+24, 3.00516319691724e+16, -2.2728388166789692e+16, -5.243585965057379e+37], [3365050432.2089505, 122407110.76634748, -129045922.0071935, 3.00516319691724e+16, 128171716.61676303, -77725004.95978788, -2.688415492890317e+29], [-4227844789.1819334, 419411110.43853396, 116670384.50740154, -2.2728388166789692e+16, -77725004.95978788, 100275514.97685932, 1.4603466138733966e+28], [1.009670770704589e+30, -1.8680775484819048e+30, 1.2304166119428108e+29, -5.243585965057379e+37, -2.688415492890317e+29, 1.4603466138733966e+28, 1.1208692243914177e+51]]
sigma_dmb
from cov matrix =
1.077650375095106e-25
2-sigma =
2.672572930235863e-25
2-sigma zack's method =
1.6765839796522995e-25