n-power=
0
dm_mass=
100
stepsize =
3.990524629937759e-26
fisher matrix =
[[257004680224.34918, -30127166721.34548, -7401589072.410129, 8.722441471809773e+17, 3365050432.2089505, -4227844789.1819334, 8.634765938351892e+30], [-30127166721.34548, 8325702585.687976, 1032036850.1533803, 3808303120956484.5, 122407110.76634748, 419411110.43853396, -1.8348024994128758e+31], [-7401589072.410129, 1032036850.1533802, 357458985.35337234, -3.2026041696498772e+16, -129045922.0071935, 116670384.50740154, 1.2499015273080342e+30], [8.722441471809773e+17, 3808303120956486.0, -3.2026041696498772e+16, 7.747932644628467e+24, 3.00516319691724e+16, -2.2728388166789692e+16, -5.2362191192748305e+38], [3365050432.2089505, 122407110.76634748, -129045922.0071935, 3.00516319691724e+16, 128171716.61676303, -77725004.95978788, -2.6782977232922653e+30], [-4227844789.1819334, 419411110.43853396, 116670384.50740154, -2.2728388166789692e+16, -77725004.95978788, 100275514.97685932, 1.681751180527984e+29], [8.634765938351892e+30, -1.8348024994128758e+31, 1.2499015273080342e+30, -5.2362191192748305e+38, -2.6782977232922653e+30, 1.681751180527984e+29, 1.0950187452360983e+53]]
sigma_dmb
from cov matrix =
1.095949125862975e-26
2-sigma =
2.7179538321401777e-26
2-sigma zack's method =
1.7047233318642628e-26