n-power=
0
dm_mass=
10
stepsize =
2.8250750892455087e-26
fisher matrix =
[[257004680224.34918, -30127166721.34548, -7401589072.410129, 8.722441471809773e+17, 3365050432.2089505, -4227844789.1819334, 7.859364284642042e+31], [-30127166721.34548, 8325702585.687976, 1032036850.1533803, 3808303120956484.5, 122407110.76634748, 419411110.43853396, -1.665388066729632e+32], [-7401589072.410129, 1032036850.1533802, 357458985.35337234, -3.2026041696498772e+16, -129045922.0071935, 116670384.50740154, 1.1327894131216218e+31], [8.722441471809773e+17, 3808303120956486.0, -3.2026041696498772e+16, 7.747932644628467e+24, 3.00516319691724e+16, -2.2728388166789692e+16, -4.753094426421118e+39], [3365050432.2089505, 122407110.76634748, -129045922.0071935, 3.00516319691724e+16, 128171716.61676303, -77725004.95978788, -2.429631237683842e+31], [-4227844789.1819334, 419411110.43853396, 116670384.50740154, -2.2728388166789692e+16, -77725004.95978788, 100275514.97685932, 1.5322333560779656e+30], [7.859364284642041e+31, -1.665388066729632e+32, 1.1327894131216218e+31, -4.753094426421118e+39, -2.429631237683842e+31, 1.5322333560779656e+30, 8.996051706101261e+54]]
sigma_dmb
from cov matrix =
1.2194780168811407e-27
2-sigma =
3.024305481865229e-27
2-sigma zack's method =
1.8970408569329895e-27