n-power=
0
dm_mass=
1
stepsize =
2e-26
fisher matrix =
[[257004680224.34918, -30127166721.34548, -7401589072.410129, 8.722441471809773e+17, 3365050432.2089505, -4227844789.1819334, 4.3951209783795136e+32], [-30127166721.34548, 8325702585.687976, 1032036850.1533803, 3808303120956484.5, 122407110.76634748, 419411110.43853396, -9.35592413878712e+32], [-7401589072.410129, 1032036850.1533802, 357458985.35337234, -3.2026041696498772e+16, -129045922.0071935, 116670384.50740154, 6.367189359092232e+31], [8.722441471809773e+17, 3808303120956486.0, -3.2026041696498772e+16, 7.747932644628467e+24, 3.00516319691724e+16, -2.2728388166789692e+16, -2.6713479395561663e+40], [3365050432.2089505, 122407110.76634748, -129045922.0071935, 3.00516319691724e+16, 128171716.61676303, -77725004.95978788, -1.3645388445686612e+32], [-4227844789.1819334, 419411110.43853396, 116670384.50740154, -2.2728388166789692e+16, -77725004.95978788, 100275514.97685932, 8.633628802053485e+30], [4.395120978379513e+32, -9.35592413878712e+32, 6.367189359092232e+31, -2.6713479395561663e+40, -1.3645388445686612e+32, 8.633628802053485e+30, 2.8290379218180255e+56]]
sigma_dmb
from cov matrix =
2.2065530594853385e-28
2-sigma =
5.472251587523639e-28
2-sigma zack's method =
