n-power=
6
dm_mass=
0.001
stepsize =
5e-15
fisher matrix =
[[2166267546.25976, -514699747.1361665, -143106257.28853744, 1.3693642524009776e+16, 42746568.42180874, -60272868.40681675, 1.8823966608472074e+18], [-514699747.1361666, 209498334.12307432, 54988956.35899584, -3461513545536788.0, -7559749.6453213245, 15234550.812658137, -2.398376887152302e+17], [-143106257.2885374, 54988956.35899584, 14771521.059527835, -735763072158030.8, -1918736.684595337, 3238342.228061953, -6.240165788709668e+16], [1.3693642524009776e+16, -3461513545536787.5, -735763072158030.8, 3.9069660181516275e+23, 770548260514535.5, -1719509854048011.5, 2.931654557630808e+25], [42746568.42180874, -7559749.645321325, -1918736.6845953371, 770548260514535.5, 1933119.1329378865, -3391519.883427506, 8.033083039371682e+16], [-60272868.40681675, 15234550.812658137, 3238342.228061953, -1719509854048011.5, -3391519.883427506, 7567802.181100736, -1.29033580233028e+17], [1.8823966608472074e+18, -2.398376887152302e+17, -6.240165788709667e+16, 2.931654557630808e+25, 8.03308303937168e+16, -1.29033580233028e+17, 4.0716717423682246e+27]]
sigma_dmb
from cov matrix =
4.68191755654566e-14
relative_bulk_velocity =
0.0
2-sigma zack's method =
7.283236928706439e-14