n-power=
6
dm_mass=
0.0001
stepsize =
2e-17
fisher matrix =
[[2167943615.9269233, -516694685.0297029, -142984045.87260818, 1.362326770272057e+16, 42688129.740245536, -60272655.58292045, 1.7676665402095577e+21], [-516694685.02970284, 211945056.95475215, 54836133.76206739, -3371906208866146.5, -7508189.083272481, 15234276.38022008, -2.699454948718656e+20], [-142984045.87260818, 54836133.76206739, 14781184.250096813, -741493836895080.0, -1921125.6705498877, 3238359.9151722905, -5.841450639139483e+19], [1.3623267702720568e+16, -3371906208866147.0, -741493836895080.0, 3.9413436027508373e+23, 771449855338457.2, -1719520543762377.2, 2.5621473865235707e+28], [42688129.740245536, -7508189.083272481, -1921125.6705498875, 771449855338457.2, 1940560.0923062125, -3391521.614820068, 7.041629959198312e+19], [-60272655.58292045, 15234276.38022008, 3238359.9151722905, -1719520543762377.2, -3391521.614820068, 7567802.214501878, -1.1773970857413424e+20], [1.7676665402095577e+21, -2.699454948718656e+20, -5.841450639139484e+19, 2.5621473865235707e+28, 7.041629959198312e+19, -1.1773970857413426e+20, 5.433455850413488e+33]]
sigma_dmb
from cov matrix =
2.1536203179799228e-17
relative_bulk_velocity =
0.0
2-sigma zack's method =
3.349570120214563e-17