n-power=
6
dm_mass=
0.001
stepsize =
5e-15
fisher matrix =
[[2167943615.9269233, -516694685.0297029, -142984045.87260818, 1.362326770272057e+16, 42688129.740245536, -60272655.58292045, 1.924430528062899e+18], [-516694685.02970284, 211945056.95475215, 54836133.76206739, -3371906208866146.5, -7508189.083272481, 15234276.38022008, -2.872490023046042e+17], [-142984045.87260818, 54836133.76206739, 14781184.250096813, -741493836895080.0, -1921125.6705498877, 3238359.9151722905, -5.96572290483573e+16], [1.3623267702720568e+16, -3371906208866147.0, -741493836895080.0, 3.9413436027508373e+23, 771449855338457.2, -1719520543762377.2, 2.7878495189612107e+25], [42688129.740245536, -7508189.083272481, -1921125.6705498875, 771449855338457.2, 1940560.0923062125, -3391521.614820068, 7.705655219655051e+16], [-60272655.58292045, 15234276.38022008, 3238359.9151722905, -1719520543762377.2, -3391521.614820068, 7567802.214501878, -1.2902950783482222e+17], [1.924430528062899e+18, -2.8724900230460416e+17, -5.96572290483573e+16, 2.7878495189612107e+25, 7.70565521965505e+16, -1.2902950783482224e+17, 7.679283792698056e+27]]
sigma_dmb
from cov matrix =
1.683357587988944e-14
relative_bulk_velocity =
0.0
2-sigma zack's method =
2.6204586566427524e-14