n-power=
6
dm_mass=
0.1
stepsize =
4.1984596819981804e-08
fisher matrix =
[[2167943615.9269233, -516694685.0297029, -142984045.87260818, 1.362326770272057e+16, 42688129.740245536, -60272655.58292045, 1447658074236.38], [-516694685.02970284, 211945056.95475215, 54836133.76206739, -3371906208866146.5, -7508189.083272481, 15234276.38022008, -223160400050.85437], [-142984045.87260818, 54836133.76206739, 14781184.250096813, -741493836895080.0, -1921125.6705498877, 3238359.9151722905, -49602265780.56407], [1.3623267702720568e+16, -3371906208866147.0, -741493836895080.0, 3.9413436027508373e+23, 771449855338457.2, -1719520543762377.2, 2.111319997549409e+19], [42688129.740245536, -7508189.083272481, -1921125.6705498875, 771449855338457.2, 1940560.0923062125, -3391521.614820068, 57771219571.690414], [-60272655.58292045, 15234276.38022008, 3238359.9151722905, -1719520543762377.2, -3391521.614820068, 7567802.214501878, -96484735672.88728], [1447658074236.38, -223160400050.85437, -49602265780.56408, 2.111319997549409e+19, 57771219571.69041, -96484735672.88728, 3244394595599948.5]]
sigma_dmb
from cov matrix =
2.9775692300619933e-08
relative_bulk_velocity =
0.0
2-sigma zack's method =
4.6326752620432776e-08