[[ 2.22491825e+09, -5.28949996e+08, -1.46762463e+08,
         1.37602739e+16,  4.32596514e+07, -6.09194532e+07,
         3.81931629e+06],
       [-5.28949996e+08,  2.18684372e+08,  5.63471495e+07,
        -3.62992524e+15, -7.76352919e+06,  1.63780929e+07,
        -6.28209949e+05],
       [-1.46762463e+08,  5.63471495e+07,  1.51738795e+07,
        -7.76941633e+14, -1.98408389e+06,  3.39358186e+06,
        -1.38721986e+05],
       [ 1.37602739e+16, -3.62992524e+15, -7.76941633e+14,
         4.29784045e+23,  8.06339957e+14, -1.87559672e+15,
         5.78331623e+13],
       [ 4.32596514e+07, -7.76352919e+06, -1.98408389e+06,
         8.06339957e+14,  2.02817129e+06, -3.54933497e+06,
         1.54427351e+05],
       [-6.09194532e+07,  1.63780929e+07,  3.39358186e+06,
        -1.87559672e+15, -3.54933497e+06,  8.29154585e+06,
        -2.64254547e+05],
       [ 3.81931629e+06, -6.28209949e+05, -1.38721986e+05,
         5.78331623e+13,  1.54427351e+05, -2.64254547e+05,
         2.24844726e+04]]

0.017368777954641975
