n-power=
6
dm_mass=
1000
stepsize =
0.006354625877794253
fisher matrix =
[[2166267546.25976, -514699747.1361665, -143106257.28853744, 1.3693642524009776e+16, 42746568.42180874, -60272868.40681675, 3728264.8551110276], [-514699747.1361666, 209498334.12307432, 54988956.35899584, -3461513545536788.0, -7559749.6453213245, 15234550.812658137, -543163.0771274685], [-143106257.2885374, 54988956.35899584, 14771521.059527835, -735763072158030.8, -1918736.684595337, 3238342.228061953, -140486.45613104114], [1.3693642524009776e+16, -3461513545536787.5, -735763072158030.8, 3.9069660181516275e+23, 770548260514535.5, -1719509854048011.5, 58202249172511.97], [42746568.42180874, -7559749.645321325, -1918736.6845953371, 770548260514535.5, 1933119.1329378865, -3391519.883427506, 156151.83537068576], [-60272868.40681675, 15234550.812658137, 3238342.228061953, -1719509854048011.5, -3391519.883427506, 7567802.181100736, -256170.5454918127], [3728264.8551110285, -543163.0771274685, -140486.45613104117, 58202249172511.98, 156151.83537068576, -256170.5454918127, 14456.433960523811]]
sigma_dmb
from cov matrix =
0.029281699719246206
relative_bulk_velocity =
0.0
2-sigma zack's method =
0.04552773407400817