n-power=
6
dm_mass=
1000
stepsize =
0.006354625877794253
fisher matrix =
[[2167943615.9269233, -516694685.0297029, -142984045.87260818, 1.362326770272057e+16, 42688129.740245536, -60272655.58292045, 3792394.973876222], [-516694685.02970284, 211945056.95475215, 54836133.76206739, -3371906208866146.5, -7508189.083272481, 15234276.38022008, -615540.9694647288], [-142984045.87260818, 54836133.76206739, 14781184.250096813, -741493836895080.0, -1921125.6705498877, 3238359.9151722905, -136291.95217769832], [1.3623267702720568e+16, -3371906208866147.0, -741493836895080.0, 3.9413436027508373e+23, 771449855338457.2, -1719520543762377.2, 55999402008485.6], [42688129.740245536, -7508189.083272481, -1921125.6705498875, 771449855338457.2, 1940560.0923062125, -3391521.614820068, 151222.71124621498], [-60272655.58292045, 15234276.38022008, 3238359.9151722905, -1719520543762377.2, -3391521.614820068, 7567802.214501878, -256164.29655962327], [3792394.973876222, -615540.9694647288, -136291.95217769832, 55999402008485.6, 151222.711246215, -256164.29655962327, 22323.710397030525]]
sigma_dmb
from cov matrix =
0.01127032416011209
relative_bulk_velocity =
0.0
2-sigma zack's method =
0.017550257470514124