n-power=
6
dm_mass=
100
stepsize =
0.0002904624438160811
fisher matrix =
[[2167943615.9269233, -516694685.0297029, -142984045.87260818, 1.362326770272057e+16, 42688129.740245536, -60272655.58292045, 45165367.89607851], [-516694685.02970284, 211945056.95475215, 54836133.76206739, -3371906208866146.5, -7508189.083272481, 15234276.38022008, -7244053.337376473], [-142984045.87260818, 54836133.76206739, 14781184.250096813, -741493836895080.0, -1921125.6705498877, 3238359.9151722905, -1583372.8546485077], [1.3623267702720568e+16, -3371906208866147.0, -741493836895080.0, 3.9413436027508373e+23, 771449855338457.2, -1719520543762377.2, 665447466110289.9], [42688129.740245536, -7508189.083272481, -1921125.6705498875, 771449855338457.2, 1940560.0923062125, -3391521.614820068, 1803735.8635805089], [-60272655.58292045, 15234276.38022008, 3238359.9151722905, -1719520543762377.2, -3391521.614820068, 7567802.214501878, -3052077.7804370895], [45165367.89607851, -7244053.337376473, -1583372.8546485077, 665447466110290.0, 1803735.8635805084, -3052077.7804370895, 3385743.6430866895]]
sigma_dmb
from cov matrix =
0.000880782662646535
relative_bulk_velocity =
0.0
2-sigma zack's method =
0.001370387455455739