n-power=
6
dm_mass=
10
stepsize =
1.5243685743705978e-05
fisher matrix =
[[2167943615.9269233, -516694685.0297029, -142984045.87260818, 1.362326770272057e+16, 42688129.740245536, -60272655.58292045, 547614601.9476478], [-516694685.02970284, 211945056.95475215, 54836133.76206739, -3371906208866146.5, -7508189.083272481, 15234276.38022008, -86521002.13968004], [-142984045.87260818, 54836133.76206739, 14781184.250096813, -741493836895080.0, -1921125.6705498877, 3238359.9151722905, -18687904.062197294], [1.3623267702720568e+16, -3371906208866147.0, -741493836895080.0, 3.9413436027508373e+23, 771449855338457.2, -1719520543762377.2, 8036364712896314.0], [42688129.740245536, -7508189.083272481, -1921125.6705498875, 771449855338457.2, 1940560.0923062125, -3391521.614820068, 21902596.626267895], [-60272655.58292045, 15234276.38022008, 3238359.9151722905, -1719520543762377.2, -3391521.614820068, 7567802.214501878, -36944756.94431092], [547614601.9476478, -86521002.13968004, -18687904.062197294, 8036364712896314.0, 21902596.626267895, -36944756.94431092, 528546377.17058533]]
sigma_dmb
from cov matrix =
6.847946254192348e-05
relative_bulk_velocity =
0.0
2-sigma zack's method =
0.00010651527040943952