n-power=
6
dm_mass=
1e-05
stepsize =
8e-21
fisher matrix =
[[2167943615.9269233, -516694685.0297029, -142984045.87260818, 1.362326770272057e+16, 42688129.740245536, -60272655.58292045, 2.2645821393322185e+24], [-516694685.02970284, 211945056.95475215, 54836133.76206739, -3371906208866146.5, -7508189.083272481, 15234276.38022008, -3.5394933415740305e+23], [-142984045.87260818, 54836133.76206739, 14781184.250096813, -741493836895080.0, -1921125.6705498877, 3238359.9151722905, -7.061424270781429e+22], [1.3623267702720568e+16, -3371906208866147.0, -741493836895080.0, 3.9413436027508373e+23, 771449855338457.2, -1719520543762377.2, 3.2504582011606835e+31], [42688129.740245536, -7508189.083272481, -1921125.6705498875, 771449855338457.2, 1940560.0923062125, -3391521.614820068, 8.969793130801783e+22], [-60272655.58292045, 15234276.38022008, 3238359.9151722905, -1719520543762377.2, -3391521.614820068, 7567802.214501878, -1.5198087890178314e+23], [2.2645821393322185e+24, -3.5394933415740305e+23, -7.061424270781429e+22, 3.2504582011606835e+31, 8.969793130801784e+22, -1.5198087890178318e+23, 1.1910504862601244e+40]]
sigma_dmb
from cov matrix =
1.3093512474437227e-20
relative_bulk_velocity =
0.0
2-sigma zack's method =
2.037728257537483e-20