n-power=
6
dm_mass=
1
stepsize =
8e-07
fisher matrix =
[[2167943615.9269233, -516694685.0297029, -142984045.87260818, 1.362326770272057e+16, 42688129.740245536, -60272655.58292045, 10744691410.275568], [-516694685.02970284, 211945056.95475215, 54836133.76206739, -3371906208866146.5, -7508189.083272481, 15234276.38022008, -1655198324.923131], [-142984045.87260818, 54836133.76206739, 14781184.250096813, -741493836895080.0, -1921125.6705498877, 3238359.9151722905, -350883284.3914248], [1.3623267702720568e+16, -3371906208866147.0, -741493836895080.0, 3.9413436027508373e+23, 771449855338457.2, -1719520543762377.2, 1.566991284126232e+17], [42688129.740245536, -7508189.083272481, -1921125.6705498875, 771449855338457.2, 1940560.0923062125, -3391521.614820068, 429423410.6107115], [-60272655.58292045, 15234276.38022008, 3238359.9151722905, -1719520543762377.2, -3391521.614820068, 7567802.214501878, -722733294.6144335], [10744691410.27557, -1655198324.923131, -350883284.39142483, 1.5669912841262323e+17, 429423410.6107116, -722733294.6144335, 219890820638.43423]]
sigma_dmb
from cov matrix =
3.2447850796525157e-06
relative_bulk_velocity =
0.0
2-sigma zack's method =
5.048355374444595e-06