n-power=
6
dm_mass=
1
stepsize =
8e-07
fisher matrix =
[[2166267546.25976, -514699747.1361665, -143106257.28853744, 1.3693642524009776e+16, 42746568.42180874, -60272868.40681675, 10525291998.03028], [-514699747.1361666, 209498334.12307432, 54988956.35899584, -3461513545536788.0, -7559749.6453213245, 15234550.812658137, -1407707477.7750368], [-143106257.2885374, 54988956.35899584, 14771521.059527835, -735763072158030.8, -1918736.684595337, 3238342.228061953, -365212384.5394326], [1.3693642524009776e+16, -3461513545536787.5, -735763072158030.8, 3.9069660181516275e+23, 770548260514535.5, -1719509854048011.5, 1.642104828340477e+17], [42746568.42180874, -7559749.645321325, -1918736.6845953371, 770548260514535.5, 1933119.1329378865, -3391519.883427506, 446472052.72129935], [-60272868.40681675, 15234550.812658137, 3238342.228061953, -1719509854048011.5, -3391519.883427506, 7567802.181100736, -722754572.5442059], [10525291998.03028, -1407707477.7750368, -365212384.5394326, 1.642104828340477e+17, 446472052.72129935, -722754572.544206, 122841399647.76839]]
sigma_dmb
from cov matrix =
9.01409491198251e-06
relative_bulk_velocity =
0.0
2-sigma zack's method =
1.4022698704062929e-05