n-power=
4
dm_mass=
0.0001
stepsize =
2e-20
fisher matrix =
[[40312360224.58108, -7366609584.176529, -1401873947.8174148, 1.491573327577693e+17, 482628117.2138655, -885331362.3243467, 6.837159134652679e+26], [-7366609584.176529, 3798357948.6697364, 215942365.4393903, 3.954022658174082e+16, 218693135.9005992, 110011232.10191569, -8.411129442878829e+26], [-1401873947.8174148, 215942365.4393903, 105892441.6132205, -1.0290655695388452e+16, -39757253.66155561, 29283834.743676975, 4.6179384810419086e+25], [1.491573327577693e+17, 3.954022658174082e+16, -1.0290655695388452e+16, 3.48994274287534e+24, 1.2954463850662194e+16, -7974749921315457.0, -2.1004253034982743e+34], [482628117.2138655, 218693135.90059918, -39757253.6615556, 1.2954463850662194e+16, 54128867.473838836, -23056707.692575853, -1.0597563756416436e+26], [-885331362.3243469, 110011232.10191569, 29283834.743676975, -7974749921315457.0, -23056707.692575853, 35076981.51054808, -9.873332573165845e+23], [6.837159134652679e+26, -8.411129442878829e+26, 4.6179384810419086e+25, -2.1004253034982743e+34, -1.0597563756416436e+26, -9.873332573165845e+23, 3.462765123961317e+44]]
sigma_dmb
from cov matrix =
1.640652597404306e-22
2-sigma =
4.068818441562679e-22
2-sigma zack's method =
2.554514840870893e-22