n-power=
4
dm_mass=
0.01
stepsize =
1.8973665961010275e-15
fisher matrix =
[[40312360224.58108, -7366609584.176529, -1401873947.8174148, 1.491573327577693e+17, 482628117.2138655, -885331362.3243467, 2.733628785354766e+22], [-7366609584.176529, 3798357948.6697364, 215942365.4393903, 3.954022658174082e+16, 218693135.9005992, 110011232.10191569, -3.2407114560566295e+22], [-1401873947.8174148, 215942365.4393903, 105892441.6132205, -1.0290655695388452e+16, -39757253.66155561, 29283834.743676975, 1.7413320480244412e+21], [1.491573327577693e+17, 3.954022658174082e+16, -1.0290655695388452e+16, 3.48994274287534e+24, 1.2954463850662194e+16, -7974749921315457.0, -8.017210844327876e+29], [482628117.2138655, 218693135.90059918, -39757253.6615556, 1.2954463850662194e+16, 54128867.473838836, -23056707.692575853, -4.027454210113992e+21], [-885331362.3243469, 110011232.10191569, 29283834.743676975, -7974749921315457.0, -23056707.692575853, 35076981.51054808, -6.597051374619754e+19], [2.733628785354766e+22, -3.2407114560566295e+22, 1.7413320480244412e+21, -8.017210844327876e+29, -4.027454210113992e+21, -6.597051374619754e+19, 4.883135330489138e+35]]
sigma_dmb
from cov matrix =
5.0002194473741155e-18
2-sigma =
1.2400544229487806e-17
2-sigma zack's method =
7.781490531208148e-18