n-power=
4
dm_mass=
0.1
stepsize =
3.374047951142095e-14
fisher matrix =
[[40312360224.58108, -7366609584.176529, -1401873947.8174148, 1.491573327577693e+17, 482628117.2138655, -885331362.3243467, 4.8982251063816185e+20], [-7366609584.176529, 3798357948.6697364, 215942365.4393903, 3.954022658174082e+16, 218693135.9005992, 110011232.10191569, -6.006067118614862e+20], [-1401873947.8174148, 215942365.4393903, 105892441.6132205, -1.0290655695388452e+16, -39757253.66155561, 29283834.743676975, 3.2900238809215754e+19], [1.491573327577693e+17, 3.954022658174082e+16, -1.0290655695388452e+16, 3.48994274287534e+24, 1.2954463850662194e+16, -7974749921315457.0, -1.498544689558908e+28], [482628117.2138655, 218693135.90059918, -39757253.6615556, 1.2954463850662194e+16, 54128867.473838836, -23056707.692575853, -7.555450444685717e+19], [-885331362.3243469, 110011232.10191569, 29283834.743676975, -7974749921315457.0, -23056707.692575853, 35076981.51054808, -7.560124212087731e+17], [4.8982251063816185e+20, -6.006067118614862e+20, 3.2900238809215754e+19, -1.498544689558908e+28, -7.555450444685717e+19, -7.560124212087731e+17, 1.7522259493446878e+32]]
sigma_dmb
from cov matrix =
2.349474969638154e-16
2-sigma =
5.826697924702622e-16
2-sigma zack's method =
3.654695704263954e-16