n-power=
4
dm_mass=
1000
stepsize =
3.3740479511420946e-09
fisher matrix =
[[40312360224.58108, -7366609584.176529, -1401873947.8174148, 1.491573327577693e+17, 482628117.2138655, -885331362.3243467, 8423401633730312.0], [-7366609584.176529, 3798357948.6697364, 215942365.4393903, 3.954022658174082e+16, 218693135.9005992, 110011232.10191569, -1.057615048627048e+16], [-1401873947.8174148, 215942365.4393903, 105892441.6132205, -1.0290655695388452e+16, -39757253.66155561, 29283834.743676975, 584577741932467.8], [1.491573327577693e+17, 3.954022658174082e+16, -1.0290655695388452e+16, 3.48994274287534e+24, 1.2954463850662194e+16, -7974749921315457.0, -2.6621094570897372e+23], [482628117.2138655, 218693135.90059918, -39757253.6615556, 1.2954463850662194e+16, 54128867.473838836, -23056707.692575853, -1330012015455090.5], [-885331362.3243469, 110011232.10191569, 29283834.743676975, -7974749921315457.0, -23056707.692575853, 35076981.51054808, -7321137636251.45], [8423401633730312.0, -1.057615048627048e+16, 584577741932467.8, -2.6621094570897372e+23, -1330012015455090.5, -7321137636251.451, 5.195433694727482e+22]]
sigma_dmb
from cov matrix =
1.5821704883368686e-11
2-sigma =
3.923782811075434e-11
2-sigma zack's method =
2.4624190755173694e-11