n-power=
4
dm_mass=
100
stepsize =
1.8973665961010278e-10
fisher matrix =
[[40312360224.58108, -7366609584.176529, -1401873947.8174148, 1.491573327577693e+17, 482628117.2138655, -885331362.3243467, 1.0180542033421726e+17], [-7366609584.176529, 3798357948.6697364, 215942365.4393903, 3.954022658174082e+16, 218693135.9005992, 110011232.10191569, -1.2771583869147984e+17], [-1401873947.8174148, 215942365.4393903, 105892441.6132205, -1.0290655695388452e+16, -39757253.66155561, 29283834.743676975, 7060789711859640.0], [1.491573327577693e+17, 3.954022658174082e+16, -1.0290655695388452e+16, 3.48994274287534e+24, 1.2954463850662194e+16, -7974749921315457.0, -3.2123227453938493e+24], [482628117.2138655, 218693135.90059918, -39757253.6615556, 1.2954463850662194e+16, 54128867.473838836, -23056707.692575853, -1.607970230096304e+16], [-885331362.3243469, 110011232.10191569, 29283834.743676975, -7974749921315457.0, -23056707.692575853, 35076981.51054808, -91957576762123.28], [1.0180542033421726e+17, -1.2771583869147984e+17, 7060789711859640.0, -3.2123227453938493e+24, -1.607970230096304e+16, -91957576762123.3, 7.659929280484745e+24]]
sigma_dmb
from cov matrix =
1.254184723187532e-12
2-sigma =
3.1103781135050794e-12
2-sigma zack's method =
1.9522774577842752e-12