n-power=
4
dm_mass=
10
stepsize =
1.0669676460233537e-11
fisher matrix =
[[40312360224.58108, -7366609584.176529, -1401873947.8174148, 1.491573327577693e+17, 482628117.2138655, -885331362.3243467, 1.2036777792617508e+18], [-7366609584.176529, 3798357948.6697364, 215942365.4393903, 3.954022658174082e+16, 218693135.9005992, 110011232.10191569, -1.506717623129379e+18], [-1401873947.8174148, 215942365.4393903, 105892441.6132205, -1.0290655695388452e+16, -39757253.66155561, 29283834.743676975, 8.325370476152298e+16], [1.491573327577693e+17, 3.954022658174082e+16, -1.0290655695388452e+16, 3.48994274287534e+24, 1.2954463850662194e+16, -7974749921315457.0, -3.7855694986622516e+25], [482628117.2138655, 218693135.90059918, -39757253.6615556, 1.2954463850662194e+16, 54128867.473838836, -23056707.692575853, -1.898317558040451e+17], [-885331362.3243469, 110011232.10191569, 29283834.743676975, -7974749921315457.0, -23056707.692575853, 35076981.51054808, -1173602895700479.2], [1.2036777792617508e+18, -1.506717623129379e+18, 8.325370476152298e+16, -3.7855694986622516e+25, -1.898317558040451e+17, -1173602895700479.2, 1.0767060812863037e+27]]
sigma_dmb
from cov matrix =
1.0235797408453397e-13
2-sigma =
2.5384777572964424e-13
2-sigma zack's method =
1.5921851501447339e-13