n-power=
4
dm_mass=
1e-05
stepsize =
2e-22
fisher matrix =
[[40312360224.58108, -7366609584.176529, -1401873947.8174148, 1.491573327577693e+17, 482628117.2138655, -885331362.3243467, 8.390822926829769e+28], [-7366609584.176529, 3798357948.6697364, 215942365.4393903, 3.954022658174082e+16, 218693135.9005992, 110011232.10191569, -1.0331603671256657e+29], [-1401873947.8174148, 215942365.4393903, 105892441.6132205, -1.0290655695388452e+16, -39757253.66155561, 29283834.743676975, 5.676313570873002e+27], [1.491573327577693e+17, 3.954022658174082e+16, -1.0290655695388452e+16, 3.48994274287534e+24, 1.2954463850662194e+16, -7974749921315457.0, -2.5817503445789093e+36], [482628117.2138655, 218693135.90059918, -39757253.6615556, 1.2954463850662194e+16, 54128867.473838836, -23056707.692575853, -1.3012532806475527e+28], [-885331362.3243469, 110011232.10191569, 29283834.743676975, -7974749921315457.0, -23056707.692575853, 35076981.51054808, -1.1808932324263176e+26], [8.390822926829769e+28, -1.0331603671256657e+29, 5.676313570873002e+27, -2.5817503445789093e+36, -1.3012532806475527e+28, -1.1808932324263176e+26, 5.192294658936458e+48]]
sigma_dmb
from cov matrix =
1.3631404196461353e-24
2-sigma =
3.380588240722415e-24
2-sigma zack's method =
2.1200869755475578e-24