n-power=
4
dm_mass=
1
stepsize =
6e-13
fisher matrix =
[[40683583215.760025, -7587823760.72904, -1390996494.188224, 1.4353373118043928e+17, 441953346.1626357, -885118601.4627055, 3.0533074123527274e+19], [-7587823760.72904, 3790376039.0938087, 218441377.3113986, 3.941725849594056e+16, 231426210.0293548, 110071650.94545731, -3.353727226330589e+19], [-1390996494.1882238, 218441377.3113986, 105605180.9716939, -1.022873584733278e+16, -40177212.85134383, 29257643.87207387, 1.8249562697810222e+18], [1.4353373118043928e+17, 3.941725849594057e+16, -1.022873584733278e+16, 3.4899190902843307e+24, 1.329479817837205e+16, -7974186082339867.0, -8.459542351377049e+26], [441953346.1626357, 231426210.02935487, -40177212.85134384, 1.329479817837205e+16, 57658518.16040457, -23056562.754476428, -4.510832364696019e+18], [-885118601.4627057, 110071650.94545731, 29257643.87207387, -7974186082339867.0, -23056562.754476428, 35069103.86118678, -1.825786887537296e+16], [3.0533074123527274e+19, -3.353727226330589e+19, 1.8249562697810222e+18, -8.459542351377049e+26, -4.510832364696019e+18, -1.8257868875372964e+16, 5.7647821381220125e+29]]
sigma_dmb
from cov matrix =
4.0575546316229636e-15
2-sigma =
1.006273548642495e-14
2-sigma zack's method =
6.311559080694356e-15