n-power=
-4
dm_mass=
0.001
stepsize =
2.5e-43
fisher matrix =
[[284305362.34122974, -61011380.79661474, -18909870.63770958, 663310422725675.9, 2918834.7763865334, -2985232.5376811167, 2.086199842550581e+44], [-61011380.79661473, 33544652.913486823, 7564943.644878147, -1290696407249238.0, -1297922.3108012574, 5683703.67362347, 2.2737706906306205e+45], [-18909870.63770958, 7564943.644878147, 1959768.6381527386, -177633700833382.7, -308460.13796005264, 780913.2891246994, 2.6681414155724887e+44], [663310422725676.0, -1290696407249238.0, -177633700833382.66, 1.762373734403774e+23, 182114320142771.88, -774355838333228.1, -4.573507126160798e+53], [2918834.776386533, -1297922.3108012574, -308460.13796005264, 182114320142771.88, 404393.97181107197, -808459.8843466316, -6.422391259604879e+44], [-2985232.537681117, 5683703.67362347, 780913.2891246995, -774355838333228.1, -808459.8843466315, 3468075.5560632213, 2.0125377565166376e+45], [2.08619984255059e+44, 2.2737706906306205e+45, 2.6681414155724887e+44, -4.573507126160797e+53, -6.422391259604879e+44, 2.0125377565166373e+45, 1.4107402832118772e+84]]
sigma_dmb
from cov matrix =
5.504707882079559e-42
2-sigma =
8.558994792739747e-42