n-power=
-4
dm_mass=
0.0001
stepsize =
3e-43
fisher matrix =
[[284305362.34122974, -61011380.79661474, -18909870.63770958, 663310422725675.9, 2918834.7763865334, -2985232.5376811167, 2.02879919817648e+44], [-61011380.79661473, 33544652.913486823, 7564943.644878147, -1290696407249238.0, -1297922.3108012574, 5683703.67362347, 2.277970984543358e+45], [-18909870.63770958, 7564943.644878147, 1959768.6381527386, -177633700833382.7, -308460.13796005264, 780913.2891246994, 2.6769909412017885e+44], [663310422725676.0, -1290696407249238.0, -177633700833382.66, 1.762373734403774e+23, 182114320142771.88, -774355838333228.1, -4.5789902227416444e+53], [2918834.776386533, -1297922.3108012574, -308460.13796005264, 182114320142771.88, 404393.97181107197, -808459.8843466316, -6.430234516278663e+44], [-2985232.537681117, 5683703.67362347, 780913.2891246995, -774355838333228.1, -808459.8843466315, 3468075.5560632213, 2.0149516066916926e+45], [2.02879919817648e+44, 2.277970984543358e+45, 2.676990941201788e+44, -4.5789902227416444e+53, -6.430234516278663e+44, 2.0149516066916926e+45, 1.4140146428388682e+84]]
sigma_dmb
from cov matrix =
5.496299723521526e-42
2-sigma =
8.548032151149887e-42