n-power=
-4
dm_mass=
0.01
stepsize =
1.6e-42
fisher matrix =
[[284305362.34122974, -61011380.79661474, -18909870.63770958, 663310422725675.9, 2918834.7763865334, -2985232.5376811167, 2.0995674902129e+44], [-61011380.79661473, 33544652.913486823, 7564943.644878147, -1290696407249238.0, -1297922.3108012574, 5683703.67362347, 2.252039849581301e+45], [-18909870.63770958, 7564943.644878147, 1959768.6381527386, -177633700833382.7, -308460.13796005264, 780913.2891246994, 2.646433850677387e+44], [663310422725676.0, -1290696407249238.0, -177633700833382.66, 1.762373734403774e+23, 182114320142771.88, -774355838333228.1, -4.523420919605695e+53], [2918834.776386533, -1297922.3108012574, -308460.13796005264, 182114320142771.88, 404393.97181107197, -808459.8843466316, -6.347055717175537e+44], [-2985232.537681117, 5683703.67362347, 780913.2891246995, -774355838333228.1, -808459.8843466315, 3468075.5560632213, 1.9904987821255045e+45], [2.0995674902129e+44, 2.252039849581301e+45, 2.646433850677387e+44, -4.523420919605696e+53, -6.347055717175537e+44, 1.9904987821255045e+45, 1.379188879295053e+84]]
sigma_dmb
from cov matrix =
5.5607235910167486e-42
2-sigma =
8.660408033306663e-42