n-power=
-4
dm_mass=
0.1
stepsize =
5e-43
fisher matrix =
[[284305362.34122974, -61011380.79661474, -18909870.63770958, 663310422725675.9, 2918834.7763865334, -2985232.5376811167, 1.8487850179769863e+44], [-61011380.79661473, 33544652.913486823, 7564943.644878147, -1290696407249238.0, -1297922.3108012574, 5683703.67362347, 2.059838510678926e+45], [-18909870.63770958, 7564943.644878147, 1959768.6381527386, -177633700833382.7, -308460.13796005264, 780913.2891246994, 2.421166405002975e+44], [663310422725676.0, -1290696407249238.0, -177633700833382.66, 1.762373734403774e+23, 182114320142771.88, -774355838333228.1, -4.140194858872501e+53], [2918834.776386533, -1297922.3108012574, -308460.13796005264, 182114320142771.88, 404393.97181107197, -808459.8843466316, -5.813735254885418e+44], [-2985232.537681117, 5683703.67362347, 780913.2891246995, -774355838333228.1, -808459.8843466315, 3468075.5560632213, 1.8218626368365337e+45], [1.84878501797698e+44, 2.0598385106789255e+45, 2.4211664050029753e+44, -4.140194858872501e+53, -5.813735254885418e+44, 1.8218626368365337e+45, 1.1559865035563586e+84]]
sigma_dmb
from cov matrix =
6.077733646170783e-42
2-sigma =
9.45587030215105e-42