n-power=
-4
dm_mass=
1e-05
stepsize =
3e-43
fisher matrix =
[[284305362.34122974, -61011380.79661474, -18909870.63770958, 663310422725675.9, 2918834.7763865334, -2985232.5376811167, 2.082913930539276e+44], [-61011380.79661473, 33544652.913486823, 7564943.644878147, -1290696407249238.0, -1297922.3108012574, 5683703.67362347, 2.276242453144188e+45], [-18909870.63770958, 7564943.644878147, 1959768.6381527386, -177633700833382.7, -308460.13796005264, 780913.2891246994, 2.6727210458909945e+44], [663310422725676.0, -1290696407249238.0, -177633700833382.66, 1.762373734403774e+23, 182114320142771.88, -774355838333228.1, -4.577468557725494e+53], [2918834.776386533, -1297922.3108012574, -308460.13796005264, 182114320142771.88, 404393.97181107197, -808459.8843466316, -6.4270716640281724e+44], [-2985232.537681117, 5683703.67362347, 780913.2891246995, -774355838333228.1, -808459.8843466315, 3468075.5560632213, 2.0142819356986533e+45], [2.082913930539273e+44, 2.276242453144188e+45, 2.672721045890995e+44, -4.577468557725494e+53, -6.427071664028174e+44, 2.0142819356986533e+45, 1.4130500053001907e+84]]
sigma_dmb
from cov matrix =
5.497530871488684e-42
2-sigma =
8.551803233836911e-42