n-power=
-4
dm_mass=
1
stepsize =
1e-40
fisher matrix =
[[284305362.34122974, -61011380.79661474, -18909870.63770958, 663310422725675.9, 2918834.7763865334, -2985232.5376811167, 1.2115981010379549e+44], [-61011380.79661473, 33544652.913486823, 7564943.644878147, -1290696407249238.0, -1297922.3108012574, 5683703.67362347, 1.0486321980394233e+45], [-18909870.63770958, 7564943.644878147, 1959768.6381527386, -177633700833382.7, -308460.13796005264, 780913.2891246994, 1.233819119857834e+44], [663310422725676.0, -1290696407249238.0, -177633700833382.66, 1.762373734403774e+23, 182114320142771.88, -774355838333228.1, -2.091868421484467e+53], [2918834.776386533, -1297922.3108012574, -308460.13796005264, 182114320142771.88, 404393.97181107197, -808459.8843466316, -2.929269860665519e+44], [-2985232.537681117, 5683703.67362347, 780913.2891246995, -774355838333228.1, -808459.8843466315, 3468075.5560632213, 9.205155140412223e+44], [1.2115981010379533e+44, 1.0486321980394233e+45, 1.2338191198578342e+44, -2.091868421484467e+53, -2.929269860665519e+44, 9.205155140412223e+44, 2.9502684437056777e+83]]
sigma_dmb
from cov matrix =
1.165369485481251e-41
2-sigma =
1.8135631007797664e-411.131369115151525e-41