n-power=
-4
dm_mass=
0.0001
stepsize =
3e-43
fisher matrix =
[[1238861979.0428388, -1376164944.9193726, 76287904.92826001, -3.5709703880460724e+16, -173694714.29478198, 94020.25226026984, 4.479532896523652e+47], [-1376164944.9193726, 1528855603.777291, -84760274.16560088, 3.968174517187822e+16, 192911495.32143754, -104492.60333220847, -4.975777191864982e+47], [76287904.92826001, -84760274.16560088, 4700334.712277647, -2201863769521910.0, -10670435.941136057, 5800.905135985083, 2.75445488049359e+46], [-3.5709703880460724e+16, 3.968174517187822e+16, -2201863769521910.0, 1.0330576860974628e+24, 4965379253898638.0, -2724958875332.218, -1.2843776600143007e+55], [-173694714.29478198, 192911495.32143754, -10670435.941136057, 4965379253898638.0, 24956295.01978202, -13012.83357624171, -6.382281557576417e+46], [94020.25226026984, -104492.60333220847, 5800.905135985083, -2724958875332.218, -13012.83357624171, 7.1947864259096885, 3.3714883080140843e+43], [4.479532896523652e+47, -4.975777191864982e+47, 2.75445488049359e+46, -1.2843776600143007e+55, -6.382281557576417e+46, 3.3714883080140843e+43, 1.6372385973742804e+86]]
sigma_dmb
from cov matrix =
1.5807206040312028e-41
2-sigma =
3.920187097997383e-41
2-sigma zack's method =
2.458296187861363e-41