n-power=
-4
dm_mass=
0.1
stepsize =
5e-43
fisher matrix =
[[1238861979.0428388, -1376164944.9193726, 76287904.92826001, -3.5709703880460724e+16, -173694714.29478198, 94020.25226026984, 4.0456573948035705e+47], [-1376164944.9193726, 1528855603.777291, -84760274.16560088, 3.968174517187822e+16, 192911495.32143754, -104492.60333220847, -4.493836606669676e+47], [76287904.92826001, -84760274.16560088, 4700334.712277647, -2201863769521910.0, -10670435.941136057, 5800.905135985083, 2.48766735601036e+46], [-3.5709703880460724e+16, 3.968174517187822e+16, -2201863769521910.0, 1.0330576860974628e+24, 4965379253898638.0, -2724958875332.218, -1.1599791976178076e+55], [-173694714.29478198, 192911495.32143754, -10670435.941136057, 4965379253898638.0, 24956295.01978202, -13012.83357624171, -5.764063901085862e+46], [94020.25226026984, -104492.60333220847, 5800.905135985083, -2724958875332.218, -13012.83357624171, 7.1947864259096885, 3.044947079214783e+43], [4.0456573948035705e+47, -4.493836606669676e+47, 2.48766735601036e+46, -1.1599791976178076e+55, -5.764063901085862e+46, 3.044947079214783e+43, 1.3354264491193582e+86]]
sigma_dmb
from cov matrix =
1.751488749537837e-41
2-sigma =
4.343692098853836e-41
2-sigma zack's method =
2.7249741486140395e-41