n-power=
-4
dm_mass=
100
stepsize =
4e-41
fisher matrix =
[[1238861979.0428388, -1376164944.9193726, 76287904.92826001, -3.5709703880460724e+16, -173694714.29478198, 94020.25226026984, 4.16897154723361e+45], [-1376164944.9193726, 1528855603.777291, -84760274.16560088, 3.968174517187822e+16, 192911495.32143754, -104492.60333220847, -4.630811584963969e+45], [76287904.92826001, -84760274.16560088, 4700334.712277647, -2201863769521910.0, -10670435.941136057, 5800.905135985083, 2.5634907508409085e+44], [-3.5709703880460724e+16, 3.968174517187822e+16, -2201863769521910.0, 1.0330576860974628e+24, 4965379253898638.0, -2724958875332.218, -1.1953320903630652e+53], [-173694714.29478198, 192911495.32143754, -10670435.941136057, 4965379253898638.0, 24956295.01978202, -13012.83357624171, -5.939817482750546e+44], [94020.25226026984, -104492.60333220847, 5800.905135985083, -2724958875332.218, -13012.83357624171, 7.1947864259096885, 3.1377424484351942e+41], [4.16897154723361e+45, -4.630811584963969e+45, 2.5634907508409085e+44, -1.1953320903630652e+53, -5.939817482750546e+44, 3.1377424484351942e+41, 1.4180961851186125e+82]]
sigma_dmb
from cov matrix =
1.6976838034505872e-39
2-sigma =
4.210255832557456e-39
2-sigma zack's method =
