n-power=
-4
dm_mass=
1
stepsize =
1e-40
fisher matrix =
[[1238861979.0428388, -1376164944.9193726, 76287904.92826001, -3.5709703880460724e+16, -173694714.29478198, 94020.25226026984, 1.782078131126424e+47], [-1376164944.9193726, 1528855603.777291, -84760274.16560088, 3.968174517187822e+16, 192911495.32143754, -104492.60333220847, -1.9794686176786622e+47], [76287904.92826001, -84760274.16560088, 4700334.712277647, -2201863769521910.0, -10670435.941136057, 5800.905135985083, 1.0960004908450352e+46], [-3.5709703880460724e+16, 3.968174517187822e+16, -2201863769521910.0, 1.0330576860974628e+24, 4965379253898638.0, -2724958875332.218, -5.1133859447183386e+54], [-173694714.29478198, 192911495.32143754, -10670435.941136057, 4965379253898638.0, 24956295.01978202, -13012.83357624171, -2.532751382419573e+46], [94020.25226026984, -104492.60333220847, 5800.905135985083, -2724958875332.218, -13012.83357624171, 7.1947864259096885, 1.342843331937278e+43], [1.782078131126424e+47, -1.9794686176786622e+47, 1.0960004908450352e+46, -5.1133859447183386e+54, -2.532751382419573e+46, 1.342843331937278e+43, 2.583425109963434e+85]]
sigma_dmb
from cov matrix =
4.3444229748891385e-41
2-sigma =
1.0774168977725064e-40
2-sigma zack's method =
6.757334442401046e-41