n-power=
-2
dm_mass=
0.01
stepsize =
3.0000000000000004e-35
fisher matrix =
[[40312360224.58108, -7366609584.176529, -1401873947.8174148, 1.491573327577693e+17, 482628117.2138655, -885331362.3243467, 6.132635808547445e+39], [-7366609584.176529, 3798357948.6697364, 215942365.4393903, 3.954022658174082e+16, 218693135.9005992, 110011232.10191569, -1.6407439126494744e+40], [-1401873947.8174148, 215942365.4393903, 105892441.6132205, -1.0290655695388452e+16, -39757253.66155561, 29283834.743676975, 1.1682683438820619e+39], [1.491573327577693e+17, 3.954022658174082e+16, -1.0290655695388452e+16, 3.48994274287534e+24, 1.2954463850662194e+16, -7974749921315457.0, -4.993157705929778e+47], [482628117.2138655, 218693135.90059918, -39757253.6615556, 1.2954463850662194e+16, 54128867.473838836, -23056707.692575853, -2.3135315204348915e+39], [-885331362.3243469, 110011232.10191569, 29283834.743676975, -7974749921315457.0, -23056707.692575853, 35076981.51054808, 2.6466152216378495e+38], [6.132635808547445e+39, -1.6407439126494744e+40, 1.1682683438820619e+39, -4.993157705929778e+47, -2.3135315204348915e+39, 2.6466152216378495e+38, 1.251774798418269e+71]]
sigma_dmb
from cov matrix =
2.1182111754717947e-35
2-sigma =
5.253163715170051e-35
2-sigma zack's method =
3.296346311845088e-35