n-power=
-2
dm_mass=
1000
stepsize =
9.486832980505137e-33
fisher matrix =
[[40312360224.58108, -7366609584.176529, -1401873947.8174148, 1.491573327577693e+17, 482628117.2138655, -885331362.3243467, 6.021894323696572e+36], [-7366609584.176529, 3798357948.6697364, 215942365.4393903, 3.954022658174082e+16, 218693135.9005992, 110011232.10191569, -1.5625652023445463e+37], [-1401873947.8174148, 215942365.4393903, 105892441.6132205, -1.0290655695388452e+16, -39757253.66155561, 29283834.743676975, 1.1075102181394095e+36], [1.491573327577693e+17, 3.954022658174082e+16, -1.0290655695388452e+16, 3.48994274287534e+24, 1.2954463850662194e+16, -7974749921315457.0, -4.7408372291765456e+44], [482628117.2138655, 218693135.90059918, -39757253.6615556, 1.2954463850662194e+16, 54128867.473838836, -23056707.692575853, -2.1976894479086748e+36], [-885331362.3243469, 110011232.10191569, 29283834.743676975, -7974749921315457.0, -23056707.692575853, 35076981.51054808, 2.4737424852788388e+35], [6.021894323696572e+36, -1.5625652023445463e+37, 1.1075102181394095e+36, -4.7408372291765456e+44, -2.1976894479086748e+36, 2.4737424852788388e+35, 1.1327926430673062e+65]]
sigma_dmb
from cov matrix =
2.2212950909600434e-32
2-sigma =
5.508811825580908e-32
2-sigma zack's method =
3.454751358719799e-32