n-power=
-2
dm_mass=
1e-05
stepsize =
3.035786553761644e-35
fisher matrix =
[[40312360224.58108, -7366609584.176529, -1401873947.8174148, 1.491573327577693e+17, 482628117.2138655, -885331362.3243467, 6.145488137232871e+39], [-7366609584.176529, 3798357948.6697364, 215942365.4393903, 3.954022658174082e+16, 218693135.9005992, 110011232.10191569, -1.6575137899804523e+40], [-1401873947.8174148, 215942365.4393903, 105892441.6132205, -1.0290655695388452e+16, -39757253.66155561, 29283834.743676975, 1.1819353957963807e+39], [1.491573327577693e+17, 3.954022658174082e+16, -1.0290655695388452e+16, 3.48994274287534e+24, 1.2954463850662194e+16, -7974749921315457.0, -5.049013988546769e+47], [482628117.2138655, 218693135.90059918, -39757253.6615556, 1.2954463850662194e+16, 54128867.473838836, -23056707.692575853, -2.3390745141438882e+39], [-885331362.3243469, 110011232.10191569, 29283834.743676975, -7974749921315457.0, -23056707.692575853, 35076981.51054808, 2.6892608161338567e+38], [6.145488137232871e+39, -1.6575137899804523e+40, 1.1819353957963807e+39, -5.049013988546769e+47, -2.3390745141438882e+39, 2.6892608161338567e+38, 1.278483682099229e+71]]
sigma_dmb
from cov matrix =
2.0998517320658404e-35
2-sigma =
5.207632295523284e-35
2-sigma zack's method =
3.268479799137905e-35