n-power=
0
dm_mass=
0.001
stepsize =
7.09626778467151e-27
fisher matrix =
[[38689341457.83366, -5362818719.258043, -1514628752.0685098, 2.0123291621707786e+17, 722016676.7070714, -885457065.0324104, -1.0860179886912541e+32], [-5362818719.258043, 1306325308.2861695, 356281042.1818493, -2.5035569924397972e+16, -81581231.77670474, 110165849.10599668, 3.804397319936336e+30], [-1514628752.0685098, 356281042.18184936, 97987110.05910282, -6652990128963406.0, -22855687.255963955, 29275128.997670814, 1.3884354094259014e+30], [2.0123291621707786e+17, -2.5035569924397972e+16, -6652990128963406.0, 1.8112240032056673e+24, 5235339837961014.0, -7970711506386538.0, -5.973149099906118e+38], [722016676.7070714, -81581231.77670474, -22855687.255963955, 5235339837961014.0, 17203704.706812263, -23038461.739678524, -2.3584000208651612e+30], [-885457065.0324104, 110165849.10599668, 29275128.997670814, -7970711506386537.0, -23038461.739678524, 35076971.37057968, 2.627254424577306e+30], [-1.0860179886912543e+32, 3.804397319936336e+30, 1.3884354094259014e+30, -5.973149099906118e+38, -2.3584000208651612e+30, 2.627254424577306e+30, 8.554272846207943e+53]]
sigma_dmb
from cov matrix =
2.6319201513175197e-27
relative_bulk_velocity =
0.0
2-sigma zack's method =
4.09198186827295e-27