n-power=
0
dm_mass=
0.0001
stepsize =
2e-27
fisher matrix =
[[38722912692.56028, -5400831812.69728, -1512407201.3107786, 2.0004590152567654e+17, 719715615.3290608, -885453654.0607411, -1.1212606276951815e+32], [-5400831812.69728, 1349516295.2543473, 353749730.813514, -2.3677774040444652e+16, -79030079.2657795, 110161936.19364583, -1.0919150893445132e+31], [-1512407201.3107786, 353749730.813514, 98135854.14581107, -6733085057995549.0, -23001320.238087177, 29275360.467272364, 1.9129549979767114e+30], [2.0004590152567654e+17, -2.3677774040444652e+16, -6733085057995549.0, 1.8546277029960924e+24, 5310020104695577.0, -7970837511702833.0, -1.0196648265228678e+39], [719715615.3290607, -79030079.2657795, -23001320.238087177, 5310020104695576.0, 17398145.51549535, -23038669.76646371, -3.688295946873562e+30], [-885453654.0607411, 110161936.19364583, 29275360.467272364, -7970837511702833.0, -23038669.76646371, 35076971.73757442, 2.767629079295333e+30], [-1.1212606276951817e+32, -1.0919150893445132e+31, 1.9129549979767114e+30, -1.0196648265228678e+39, -3.688295946873562e+30, 2.767629079295333e+30, 8.332561473645528e+54]]
sigma_dmb
from cov matrix =
5.293723922820855e-28
2-sigma =
1.3128435328595722e-27
2-sigma zack's method =
8.230757344617322e-28