n-power=
0
dm_mass=
0.01
stepsize =
1.0023744672545445e-26
fisher matrix =
[[38722912692.56028, -5400831812.69728, -1512407201.3107786, 2.0004590152567654e+17, 719715615.3290608, -885453654.0607411, -8.043458003782879e+31], [-5400831812.69728, 1349516295.2543473, 353749730.813514, -2.3677774040444652e+16, -79030079.2657795, 110161936.19364583, -9.86343220287002e+29], [-1512407201.3107786, 353749730.813514, 98135854.14581107, -6733085057995549.0, -23001320.238087177, 29275360.467272364, 1.7556072813135314e+30], [2.0004590152567654e+17, -2.3677774040444652e+16, -6733085057995549.0, 1.8546277029960924e+24, 5310020104695577.0, -7970837511702833.0, -6.849893238814615e+38], [719715615.3290607, -79030079.2657795, -23001320.238087177, 5310020104695576.0, 17398145.51549535, -23038669.76646371, -2.364462903847836e+30], [-885453654.0607411, 110161936.19364583, 29275360.467272364, -7970837511702833.0, -23038669.76646371, 35076971.73757442, 2.3078690615142022e+30], [-8.043458003782879e+31, -9.863432202870015e+29, 1.7556072813135314e+30, -6.849893238814615e+38, -2.364462903847836e+30, 2.3078690615142022e+30, 1.485572925639871e+54]]
sigma_dmb
from cov matrix =
1.3817875061481663e-27
2-sigma =
3.426833015247452e-27
2-sigma zack's method =
2.149174401316055e-27