n-power=
0
dm_mass=
0.1
stepsize =
1.415891568768276e-26
fisher matrix =
[[38722912692.56028, -5400831812.69728, -1512407201.3107786, 2.0004590152567654e+17, 719715615.3290608, -885453654.0607411, -7.214038797954984e+31], [-5400831812.69728, 1349516295.2543473, 353749730.813514, -2.3677774040444652e+16, -79030079.2657795, 110161936.19364583, 1.509383130741481e+30], [-1512407201.3107786, 353749730.813514, 98135854.14581107, -6733085057995549.0, -23001320.238087177, 29275360.467272364, 1.7172287309031406e+30], [2.0004590152567654e+17, -2.3677774040444652e+16, -6733085057995549.0, 1.8546277029960924e+24, 5310020104695577.0, -7970837511702833.0, -5.9946132367727976e+38], [719715615.3290607, -79030079.2657795, -23001320.238087177, 5310020104695576.0, 17398145.51549535, -23038669.76646371, -2.0266439450403353e+30], [-885453654.0607411, 110161936.19364583, 29275360.467272364, -7970837511702833.0, -23038669.76646371, 35076971.73757442, 2.185403948453598e+30], [-7.214038797954984e+31, 1.509383130741481e+30, 1.7172287309031403e+30, -5.994613236772799e+38, -2.0266439450403353e+30, 2.185403948453598e+30, 6.7518274725680635e+53]]
sigma_dmb
from cov matrix =
2.3054252322041347e-27
2-sigma =
5.717454575866254e-27
2-sigma zack's method =
3.5875626714683336e-27