n-power=
0
dm_mass=
1000
stepsize =
5.636765862528908e-26
fisher matrix =
[[38689341457.83366, -5362818719.258043, -1514628752.0685098, 2.0123291621707786e+17, 722016676.7070714, -885457065.0324104, -1.2018425986736404e+29], [-5362818719.258043, 1306325308.2861695, 356281042.1818493, -2.5035569924397972e+16, -81581231.77670474, 110165849.10599668, 1.0327266717897913e+28], [-1514628752.0685098, 356281042.18184936, 97987110.05910282, -6652990128963406.0, -22855687.255963955, 29275128.997670814, 3.0359785314079795e+27], [2.0123291621707786e+17, -2.5035569924397972e+16, -6652990128963406.0, 1.8112240032056673e+24, 5235339837961014.0, -7970711506386538.0, -7.063934791826389e+35], [722016676.7070714, -81581231.77670474, -22855687.255963955, 5235339837961014.0, 17203704.706812263, -23038461.739678524, -2.577694770958989e+27], [-885457065.0324104, 110165849.10599668, 29275128.997670814, -7970711506386537.0, -23038461.739678524, 35076971.37057968, 3.1078334025119277e+27], [-1.2018425986736403e+29, 1.0327266717897913e+28, 3.0359785314079795e+27, -7.063934791826389e+35, -2.577694770958989e+27, 3.1078334025119277e+27, 6.6633122247395505e+47]]
sigma_dmb
from cov matrix =
2.3966271571274336e-24
relative_bulk_velocity =
0.0
2-sigma zack's method =
3.7281562383104045e-24