n-power=
0
dm_mass=
1000
stepsize =
5.636765862528908e-26
fisher matrix =
[[38722912692.56028, -5400831812.69728, -1512407201.3107786, 2.0004590152567654e+17, 719715615.3290608, -885453654.0607411, -1.1752686390003832e+29], [-5400831812.69728, 1349516295.2543473, 353749730.813514, -2.3677774040444652e+16, -79030079.2657795, 110161936.19364583, 7.351954372673942e+27], [-1512407201.3107786, 353749730.813514, 98135854.14581107, -6733085057995549.0, -23001320.238087177, 29275360.467272364, 3.2063770085710534e+27], [2.0004590152567654e+17, -2.3677774040444652e+16, -6733085057995549.0, 1.8546277029960924e+24, 5310020104695577.0, -7970837511702833.0, -7.938853883853125e+35], [719715615.3290607, -79030079.2657795, -23001320.238087177, 5310020104695576.0, 17398145.51549535, -23038669.76646371, -2.807071126918658e+27], [-885453654.0607411, 110161936.19364583, 29275360.467272364, -7970837511702833.0, -23038669.76646371, 35076971.73757442, 3.108077375307624e+27], [-1.1752686390003832e+29, 7.351954372673942e+27, 3.2063770085710534e+27, -7.938853883853125e+35, -2.807071126918658e+27, 3.108077375307624e+27, 9.656588464715312e+47]]
sigma_dmb
from cov matrix =
1.7754935751548658e-24
2-sigma =
4.403224066384067e-24
2-sigma zack's method =
2.7617692281142912e-24