n-power=
0
dm_mass=
100
stepsize =
3.990524629937759e-26
fisher matrix =
[[38722912692.56028, -5400831812.69728, -1512407201.3107786, 2.0004590152567654e+17, 719715615.3290608, -885453654.0607411, -7.393042878619274e+29], [-5400831812.69728, 1349516295.2543473, 353749730.813514, -2.3677774040444652e+16, -79030079.2657795, 110161936.19364583, 2.6918094570123047e+28], [-1512407201.3107786, 353749730.813514, 98135854.14581107, -6733085057995549.0, -23001320.238087177, 29275360.467272364, 1.8375277236234632e+28], [2.0004590152567654e+17, -2.3677774040444652e+16, -6733085057995549.0, 1.8546277029960924e+24, 5310020104695577.0, -7970837511702833.0, -6.095339760053975e+36], [719715615.3290607, -79030079.2657795, -23001320.238087177, 5310020104695576.0, 17398145.51549535, -23038669.76646371, -2.0348534773634934e+28], [-885453654.0607411, 110161936.19364583, 29275360.467272364, -7970837511702833.0, -23038669.76646371, 35076971.73757442, 2.3007164362835474e+28], [-7.393042878619275e+29, 2.691809457012305e+28, 1.8375277236234632e+28, -6.095339760053975e+36, -2.0348534773634934e+28, 2.300716436283547e+28, 5.29474770436513e+49]]
sigma_dmb
from cov matrix =
2.884762963125616e-25
2-sigma =
7.154212148551528e-25
2-sigma zack's method =
4.4898560370010975e-25