n-power=
0
dm_mass=
10
stepsize =
2.8250750892455087e-26
fisher matrix =
[[38722912692.56028, -5400831812.69728, -1512407201.3107786, 2.0004590152567654e+17, 719715615.3290608, -885453654.0607411, -7.022302429671229e+30], [-5400831812.69728, 1349516295.2543473, 353749730.813514, -2.3677774040444652e+16, -79030079.2657795, 110161936.19364583, 2.6395120949661706e+29], [-1512407201.3107786, 353749730.813514, 98135854.14581107, -6733085057995549.0, -23001320.238087177, 29275360.467272364, 1.7419507348737475e+29], [2.0004590152567654e+17, -2.3677774040444652e+16, -6733085057995549.0, 1.8546277029960924e+24, 5310020104695577.0, -7970837511702833.0, -5.724718502291002e+37], [719715615.3290607, -79030079.2657795, -23001320.238087177, 5310020104695576.0, 17398145.51549535, -23038669.76646371, -1.919998527766289e+29], [-885453654.0607411, 110161936.19364583, 29275360.467272364, -7970837511702833.0, -23038669.76646371, 35076971.73757442, 2.167710204115737e+29], [-7.022302429671229e+30, 2.639512094966171e+29, 1.7419507348737475e+29, -5.724718502291002e+37, -1.919998527766289e+29, 2.167710204115737e+29, 4.599862817392188e+51]]
sigma_dmb
from cov matrix =
3.129175627286806e-26
2-sigma =
7.76035555567128e-26
2-sigma zack's method =
4.869762567271275e-26