[[ 3.87798873e+10, -5.41308712e+09, -1.51618562e+09,
         2.00182908e+17,  7.20287137e+08, -8.86100452e+08,
        -7.02146405e+30],
       [-5.41308712e+09,  1.35625561e+09,  3.55260747e+08,
        -2.39357931e+16, -7.92854194e+07,  1.11305753e+08,
         2.63807013e+29],
       [-1.51618562e+09,  3.55260747e+08,  9.85285494e+07,
        -6.76853285e+15, -2.30642785e+07,  2.94305824e+07,
         1.74061682e+29],
       [ 2.00182908e+17, -2.39357931e+16, -6.76853285e+15,
         1.89027739e+24,  5.34491021e+15, -8.12691368e+15,
        -5.75154419e+37],
       [ 7.20287137e+08, -7.92854194e+07, -2.30642785e+07,
         5.34491021e+15,  1.74857567e+07, -2.31964831e+07,
        -1.92469826e+29],
       [-8.86100452e+08,  1.11305753e+08,  2.94305824e+07,
        -8.12691368e+15, -2.31964831e+07,  3.58007154e+07,
         2.17946604e+29],
       [-7.02146405e+30,  2.63807013e+29,  1.74061682e+29,
        -5.75154419e+37, -1.92469826e+29,  2.17946604e+29,
         4.60384340e+51]]

4.8365510818351903e-26