n-power=
0
dm_mass=
1e-06
stepsize =
2e-27
fisher matrix =
[[38689341457.83366, -5362818719.258043, -1514628752.0685098, 2.0123291621707786e+17, 722016676.7070714, -885457065.0324104, -5.7067822533825706e+32], [-5362818719.258043, 1306325308.2861695, 356281042.1818493, -2.5035569924397972e+16, -81581231.77670474, 110165849.10599668, 1.2936782083606184e+31], [-1514628752.0685098, 356281042.18184936, 97987110.05910282, -6652990128963406.0, -22855687.255963955, 29275128.997670814, 5.686998165639252e+30], [2.0123291621707786e+17, -2.5035569924397972e+16, -6652990128963406.0, 1.8112240032056673e+24, 5235339837961014.0, -7970711506386538.0, -2.8285321156772754e+39], [722016676.7070714, -81581231.77670474, -22855687.255963955, 5235339837961014.0, 17203704.706812263, -23038461.739678524, -1.1947957208907556e+31], [-885457065.0324104, 110165849.10599668, 29275128.997670814, -7970711506386537.0, -23038461.739678524, 35076971.37057968, 1.2439234360086248e+31], [-5.706782253382571e+32, 1.2936782083606189e+31, 5.686998165639252e+30, -2.8285321156772754e+39, -1.1947957208907556e+31, 1.2439234360086248e+31, 2.8679846174150846e+55]]
sigma_dmb
from cov matrix =
4.2919399952518724e-28
relative_bulk_velocity =
0.0
2-sigma zack's method =
6.680445765226026e-28