n-power=
0
dm_mass=
1e-06
stepsize =
2e-27
fisher matrix =
[[38722912692.56028, -5400831812.69728, -1512407201.3107786, 2.0004590152567654e+17, 719715615.3290608, -885453654.0607411, -5.224434666347209e+32], [-5400831812.69728, 1349516295.2543473, 353749730.813514, -2.3677774040444652e+16, -79030079.2657795, 110161936.19364583, -4.102666362806126e+31], [-1512407201.3107786, 353749730.813514, 98135854.14581107, -6733085057995549.0, -23001320.238087177, 29275360.467272364, 8.770211741092948e+30], [2.0004590152567654e+17, -2.3677774040444652e+16, -6733085057995549.0, 1.8546277029960924e+24, 5310020104695577.0, -7970837511702833.0, -4.4037713187553223e+39], [719715615.3290607, -79030079.2657795, -23001320.238087177, 5310020104695576.0, 17398145.51549535, -23038669.76646371, -1.6221361698552713e+31], [-885453654.0607411, 110161936.19364583, 29275360.467272364, -7970837511702833.0, -23038669.76646371, 35076971.73757442, 1.2443609622995723e+31], [-5.22443466634721e+32, -4.102666362806126e+31, 8.770211741092948e+30, -4.4037713187553223e+39, -1.6221361698552713e+31, 1.2443609622995723e+31, 1.370964301357672e+56]]
sigma_dmb
from cov matrix =
1.3352301416343449e-28
relative_bulk_velocity =
0.0
2-sigma zack's method =
2.0772845148563405e-28