n-power=
0
dm_mass=
1e-05
stepsize =
2e-27
fisher matrix =
[[38722912692.56028, -5400831812.69728, -1512407201.3107786, 2.0004590152567654e+17, 719715615.3290608, -885453654.0607411, -2.2559865192085453e+32], [-5400831812.69728, 1349516295.2543473, 353749730.813514, -2.3677774040444652e+16, -79030079.2657795, 110161936.19364583, -2.296395770548886e+31], [-1512407201.3107786, 353749730.813514, 98135854.14581107, -6733085057995549.0, -23001320.238087177, 29275360.467272364, 3.648718863985044e+30], [2.0004590152567654e+17, -2.3677774040444652e+16, -6733085057995549.0, 1.8546277029960924e+24, 5310020104695577.0, -7970837511702833.0, -1.9936361432447543e+39], [719715615.3290607, -79030079.2657795, -23001320.238087177, 5310020104695576.0, 17398145.51549535, -23038669.76646371, -7.334091815561666e+30], [-885453654.0607411, 110161936.19364583, 29275360.467272364, -7970837511702833.0, -23038669.76646371, 35076971.73757442, 5.304556513022962e+30], [-2.255986519208546e+32, -2.296395770548886e+31, 3.648718863985044e+30, -1.9936361432447543e+39, -7.334091815561666e+30, 5.304556513022962e+30, 3.401621128407665e+55]]
sigma_dmb
from cov matrix =
2.623600062444936e-28
2-sigma =
6.506528154863441e-28
2-sigma zack's method =
4.082781629207191e-28