n-power=
0
dm_mass=
1
stepsize =
2e-26
fisher matrix =
[[38689341457.83366, -5362818719.258043, -1514628752.0685098, 2.0123291621707786e+17, 722016676.7070714, -885457065.0324104, -4.065923212751084e+31], [-5362818719.258043, 1306325308.2861695, 356281042.1818493, -2.5035569924397972e+16, -81581231.77670474, 110165849.10599668, 2.9511813400750975e+30], [-1514628752.0685098, 356281042.18184936, 97987110.05910282, -6652990128963406.0, -22855687.255963955, 29275128.997670814, 8.76688774010309e+29], [2.0123291621707786e+17, -2.5035569924397972e+16, -6652990128963406.0, 1.8112240032056673e+24, 5235339837961014.0, -7970711506386538.0, -2.7536525304372616e+38], [722016676.7070714, -81581231.77670474, -22855687.255963955, 5235339837961014.0, 17203704.706812263, -23038461.739678524, -9.574876668283687e+29], [-885457065.0324104, 110165849.10599668, 29275128.997670814, -7970711506386537.0, -23038461.739678524, 35076971.37057968, 1.211571279049219e+30], [-4.065923212751084e+31, 2.9511813400750975e+30, 8.76688774010309e+29, -2.7536525304372616e+38, -9.574876668283687e+29, 1.211571279049219e+30, 6.703492144588358e+52]]
sigma_dmb
from cov matrix =
1.7242802743311502e-26
2-sigma =
4.2762150803412525e-26
2-sigma zack's method =
2.684319733207939e-26