n-power=
0
dm_mass=
1
stepsize =
2e-26
fisher matrix =
[[38722912692.56028, -5400831812.69728, -1512407201.3107786, 2.0004590152567654e+17, 719715615.3290608, -885453654.0607411, -3.9252198195519396e+31], [-5400831812.69728, 1349516295.2543473, 353749730.813514, -2.3677774040444652e+16, -79030079.2657795, 110161936.19364583, 1.3758766892877224e+30], [-1512407201.3107786, 353749730.813514, 98135854.14581107, -6733085057995549.0, -23001320.238087177, 29275360.467272364, 9.66902873397903e+29], [2.0004590152567654e+17, -2.3677774040444652e+16, -6733085057995549.0, 1.8546277029960924e+24, 5310020104695577.0, -7970837511702833.0, -3.2168124622319737e+38], [719715615.3290607, -79030079.2657795, -23001320.238087177, 5310020104695576.0, 17398145.51549535, -23038669.76646371, -1.0789965248343984e+30], [-885453654.0607411, 110161936.19364583, 29275360.467272364, -7970837511702833.0, -23038669.76646371, 35076971.73757442, 1.2117004216974123e+30], [-3.9252198195519396e+31, 1.3758766892877224e+30, 9.66902873397903e+29, -3.2168124622319737e+38, -1.0789965248343984e+30, 1.2117004216974123e+30, 1.5104537449497329e+53]]
sigma_dmb
from cov matrix =
5.3658864329336416e-27
2-sigma =
1.330739835367543e-26
2-sigma zack's method =
8.3474920261027e-27