n-power=
6
dm_mass=
0.0001
stepsize =
2e-17
fisher matrix =
[[40312360224.58108, -7366609584.176529, -1401873947.8174148, 1.491573327577693e+17, 482628117.2138655, -885331362.3243467, 9.390777687392571e+23], [-7366609584.176529, 3798357948.6697364, 215942365.4393903, 3.954022658174082e+16, 218693135.9005992, 110011232.10191569, -1.1526593728481949e+24], [-1401873947.8174148, 215942365.4393903, 105892441.6132205, -1.0290655695388452e+16, -39757253.66155561, 29283834.743676975, 6.322059294375583e+22], [1.491573327577693e+17, 3.954022658174082e+16, -1.0290655695388452e+16, 3.48994274287534e+24, 1.2954463850662194e+16, -7974749921315457.0, -2.8771525871761724e+31], [482628117.2138655, 218693135.90059918, -39757253.6615556, 1.2954463850662194e+16, 54128867.473838836, -23056707.692575853, -1.4514490851511786e+23], [-885331362.3243469, 110011232.10191569, 29283834.743676975, -7974749921315457.0, -23056707.692575853, 35076981.51054808, -1.3968087748566673e+21], [9.390777687392571e+23, -1.1526593728481949e+24, 6.322059294375583e+22, -2.8771525871761724e+31, -1.4514490851511786e+23, -1.3968087748566673e+21, 6.491184521582431e+38]]
sigma_dmb
from cov matrix =
1.2034004090998587e-19
2-sigma =
2.9844330145676496e-19
2-sigma zack's method =
1.8725527221203236e-19