n-power=
6
dm_mass=
0.01
stepsize =
8e-12
fisher matrix =
[[40312360224.58108, -7366609584.176529, -1401873947.8174148, 1.491573327577693e+17, 482628117.2138655, -885331362.3243467, 1.0513698713896648e+18], [-7366609584.176529, 3798357948.6697364, 215942365.4393903, 3.954022658174082e+16, 218693135.9005992, 110011232.10191569, -1.302322018986545e+18], [-1401873947.8174148, 215942365.4393903, 105892441.6132205, -1.0290655695388452e+16, -39757253.66155561, 29283834.743676975, 7.1786878647093304e+16], [1.491573327577693e+17, 3.954022658174082e+16, -1.0290655695388452e+16, 3.48994274287534e+24, 1.2954463850662194e+16, -7974749921315457.0, -3.2576084057647077e+25], [482628117.2138655, 218693135.90059918, -39757253.6615556, 1.2954463850662194e+16, 54128867.473838836, -23056707.692575853, -1.6450400031145117e+17], [-885331362.3243469, 110011232.10191569, 29283834.743676975, -7974749921315457.0, -23056707.692575853, 35076981.51054808, -1326707593190230.0], [1.0513698713896648e+18, -1.302322018986545e+18, 7.1786878647093304e+16, -3.2576084057647077e+25, -1.6450400031145117e+17, -1326707593190230.0, 8.390686542971348e+26]]
sigma_dmb
from cov matrix =
1.0284894558808676e-13
2-sigma =
2.5506538505845516e-13
2-sigma zack's method =
1.5987191809422233e-13