n-power=
6
dm_mass=
0.1
stepsize =
4.1984596819981804e-08
fisher matrix =
[[40312360224.58108, -7366609584.176529, -1401873947.8174148, 1.491573327577693e+17, 482628117.2138655, -885331362.3243467, 673363876020682.2], [-7366609584.176529, 3798357948.6697364, 215942365.4393903, 3.954022658174082e+16, 218693135.9005992, 110011232.10191569, -817957040975932.5], [-1401873947.8174148, 215942365.4393903, 105892441.6132205, -1.0290655695388452e+16, -39757253.66155561, 29283834.743676975, 44595259022945.82], [1.491573327577693e+17, 3.954022658174082e+16, -1.0290655695388452e+16, 3.48994274287534e+24, 1.2954463850662194e+16, -7974749921315457.0, -2.0362030212897562e+22], [482628117.2138655, 218693135.90059918, -39757253.6615556, 1.2954463850662194e+16, 54128867.473838836, -23056707.692575853, -102633876974808.89], [-885331362.3243469, 110011232.10191569, 29283834.743676975, -7974749921315457.0, -23056707.692575853, 35076981.51054808, -1186109158336.671], [673363876020682.2, -817957040975932.5, 44595259022945.82, -2.0362030212897562e+22, -102633876974808.89, -1186109158336.671, 3.2280926219919334e+20]]
sigma_dmb
from cov matrix =
1.7575985153900874e-10
2-sigma =
4.358844318167417e-10
2-sigma zack's method =
2.734356832140025e-10