n-power=
6
dm_mass=
1000
stepsize =
0.006354625877794253
fisher matrix =
[[40312360224.58108, -7366609584.176529, -1401873947.8174148, 1.491573327577693e+17, 482628117.2138655, -885331362.3243467, 2496192334.7679687], [-7366609584.176529, 3798357948.6697364, 215942365.4393903, 3.954022658174082e+16, 218693135.9005992, 110011232.10191569, -3076972840.2128844], [-1401873947.8174148, 215942365.4393903, 105892441.6132205, -1.0290655695388452e+16, -39757253.66155561, 29283834.743676975, 168845226.7125889], [1.491573327577693e+17, 3.954022658174082e+16, -1.0290655695388452e+16, 3.48994274287534e+24, 1.2954463850662194e+16, -7974749921315457.0, -7.690753169107062e+16], [482628117.2138655, 218693135.90059918, -39757253.6615556, 1.2954463850662194e+16, 54128867.473838836, -23056707.692575853, -386923320.33142745], [-885331362.3243469, 110011232.10191569, 29283834.743676975, -7974749921315457.0, -23056707.692575853, 35076981.51054808, -3560153.744837584], [2496192334.7679687, -3076972840.2128844, 168845226.7125889, -7.690753169107062e+16, -386923320.33142745, -3560153.7448375835, 4542058238.133315]]
sigma_dmb
from cov matrix =
4.7847678607317425e-05
2-sigma =
0.00011866224294614722
2-sigma zack's method =
7.446977503822668e-05