n-power=
6
dm_mass=
100
stepsize =
0.0002904624438160811
fisher matrix =
[[40312360224.58108, -7366609584.176529, -1401873947.8174148, 1.491573327577693e+17, 482628117.2138655, -885331362.3243467, 32500732030.77982], [-7366609584.176529, 3798357948.6697364, 215942365.4393903, 3.954022658174082e+16, 218693135.9005992, 110011232.10191569, -40175347280.71004], [-1401873947.8174148, 215942365.4393903, 105892441.6132205, -1.0290655695388452e+16, -39757253.66155561, 29283834.743676975, 2208750494.0052857], [1.491573327577693e+17, 3.954022658174082e+16, -1.0290655695388452e+16, 3.48994274287534e+24, 1.2954463850662194e+16, -7974749921315457.0, -1.0047110781702917e+18], [482628117.2138655, 218693135.90059918, -39757253.6615556, 1.2954463850662194e+16, 54128867.473838836, -23056707.692575853, -5060171838.560736], [-885331362.3243469, 110011232.10191569, 29283834.743676975, -7974749921315457.0, -23056707.692575853, 35076981.51054808, -43788230.440048], [32500732030.77982, -40175347280.71004, 2208750494.0052857, -1.0047110781702917e+18, -5060171838.560736, -43788230.440048, 781543731548.3668]]
sigma_dmb
from cov matrix =
3.5577621712771125e-06
2-sigma =
8.82325018476724e-06
2-sigma zack's method =
5.532104213918082e-06