n-power=
6
dm_mass=
10
stepsize =
1.5243685743705978e-05
fisher matrix =
[[40312360224.58108, -7366609584.176529, -1401873947.8174148, 1.491573327577693e+17, 482628117.2138655, -885331362.3243467, 413764210723.3175], [-7366609584.176529, 3798357948.6697364, 215942365.4393903, 3.954022658174082e+16, 218693135.9005992, 110011232.10191569, -512347096395.6348], [-1401873947.8174148, 215942365.4393903, 105892441.6132205, -1.0290655695388452e+16, -39757253.66155561, 29283834.743676975, 28203244685.756306], [1.491573327577693e+17, 3.954022658174082e+16, -1.0290655695388452e+16, 3.48994274287534e+24, 1.2954463850662194e+16, -7974749921315457.0, -1.2816442920364218e+19], [482628117.2138655, 218693135.90059918, -39757253.6615556, 1.2954463850662194e+16, 54128867.473838836, -23056707.692575853, -64601841576.57152], [-885331362.3243469, 110011232.10191569, 29283834.743676975, -7974749921315457.0, -23056707.692575853, 35076981.51054808, -539007308.8504779], [413764210723.3175, -512347096395.6348, 28203244685.756306, -1.2816442920364218e+19, -64601841576.57152, -539007308.8504779, 127970672244067.2]]
sigma_dmb
from cov matrix =
2.7318418952740233e-07
2-sigma =
6.774967900279578e-07
2-sigma zack's method =
4.249560185077399e-07