n-power=
6
dm_mass=
1e-05
stepsize =
8e-21
fisher matrix =
[[40312360224.58108, -7366609584.176529, -1401873947.8174148, 1.491573327577693e+17, 482628117.2138655, -885331362.3243467, 1.5561058549265903e+27], [-7366609584.176529, 3798357948.6697364, 215942365.4393903, 3.954022658174082e+16, 218693135.9005992, 110011232.10191569, -1.9356646308950646e+27], [-1401873947.8174148, 215942365.4393903, 105892441.6132205, -1.0290655695388452e+16, -39757253.66155561, 29283834.743676975, 1.069957590838361e+26], [1.491573327577693e+17, 3.954022658174082e+16, -1.0290655695388452e+16, 3.48994274287534e+24, 1.2954463850662194e+16, -7974749921315457.0, -4.851802329817577e+34], [482628117.2138655, 218693135.90059918, -39757253.6615556, 1.2954463850662194e+16, 54128867.473838836, -23056707.692575853, -2.4448738360192187e+26], [-885331362.3243469, 110011232.10191569, 29283834.743676975, -7974749921315457.0, -23056707.692575853, 35076981.51054808, -1.7438555064666197e+24], [1.5561058549265903e+27, -1.9356646308950646e+27, 1.069957590838361e+26, -4.851802329817577e+34, -2.4448738360192187e+26, -1.7438555064666194e+24, 1.8326515333060096e+45]]
sigma_dmb
from cov matrix =
7.18394201668242e-23
2-sigma =
1.7816176201372402e-22
2-sigma zack's method =
1.1177102419760877e-22